1	0.0044
10	0.0445
100	0.0
1000	4.0E-4
1001	4.0E-4
1002	4.0E-4
1003	2.0E-4
1004	3.0E-4
1005	2.0E-4
1006	3.0E-4
1007	3.0E-4
1008	4.0E-4
1009	3.0E-4
101	0.0
1010	3.0E-4
1011	3.0E-4
1012	3.0E-4
1013	3.0E-4
1014	3.0E-4
1015	4.0E-4
1016	4.0E-4
1017	4.0E-4
1018	3.0E-4
1019	3.0E-4
102	4.0E-4
1020	0.0306
1021	0.103
1022	2.0E-4
1023	0.0
1024	0.0
1025	0.0032
1026	0.0032
1027	9.0E-4
1028	2.0E-4
1029	3.0E-4
103	0.0
1030	4.0E-4
1031	0.0
1032	0.0
1033	4.0E-4
1034	0.02
1035	2.0E-4
1036	2.0E-4
1037	2.0E-4
1038	4.0E-4
1039	0.0376
104	0.0
1040	0.0376
1041	0.0376
1042	0.0376
1043	0.0376
1044	0.0376
1045	0.0376
1046	0.0376
1047	0.0376
1048	0.0376
1049	0.0376
105	0.0
1050	0.0376
1051	0.0376
1052	0.0376
1053	0.0376
1054	0.0376
1055	0.0376
1056	0.0376
1057	0.0376
1058	0.0376
1059	0.0376
106	0.0896
1060	0.0376
1061	0.0376
1062	0.0376
1063	0.0376
1064	0.0376
1065	0.0376
1066	0.0
1067	0.0
1068	0.0
1069	0.0
107	0.03
1070	0.0
1071	0.0
1072	0.0
1073	0.0
1074	0.0
1075	0.0
1076	0.0
1077	0.0
1078	0.0
1079	0.0
108	0.0169
1080	0.0
1081	0.0
1082	0.0
1083	0.0
1084	0.0
1085	0.0
1086	0.0
1087	0.0
1088	0.0
1089	0.0
109	0.0154
1090	0.0
1091	0.0
1092	0.0
1093	0.0
1094	0.0
1095	0.0
1096	0.0
1097	0.0
1098	0.0
1099	0.0
11	2.0E-4
110	0.0154
1100	0.0018
1101	0.0021
1102	5.0E-4
1103	5.0E-4
1104	5.0E-4
1105	5.0E-4
1106	5.0E-4
1107	5.0E-4
1108	5.0E-4
1109	5.0E-4
111	0.0585
1110	5.0E-4
1111	5.0E-4
1112	5.0E-4
1113	5.0E-4
1114	5.0E-4
1115	5.0E-4
1116	5.0E-4
1117	5.0E-4
1118	5.0E-4
1119	5.0E-4
112	0.0608
1120	5.0E-4
1121	5.0E-4
1122	5.0E-4
1123	5.0E-4
1124	5.0E-4
1125	5.0E-4
1126	5.0E-4
1127	5.0E-4
1128	5.0E-4
1129	5.0E-4
113	0.0261
1130	5.0E-4
1131	5.0E-4
1132	5.0E-4
1133	5.0E-4
1134	5.0E-4
1135	5.0E-4
1136	5.0E-4
1137	5.0E-4
1138	5.0E-4
1139	5.0E-4
114	0.0156
1140	5.0E-4
1141	5.0E-4
1142	5.0E-4
1143	5.0E-4
1144	5.0E-4
1145	5.0E-4
1146	5.0E-4
1147	5.0E-4
1148	5.0E-4
1149	5.0E-4
115	0.0283
1150	5.0E-4
1151	5.0E-4
1152	5.0E-4
1153	5.0E-4
1154	5.0E-4
1155	5.0E-4
1156	5.0E-4
1157	5.0E-4
1158	5.0E-4
1159	0.0
116	0.0483
1160	0.0
1161	0.0
1162	0.0
1163	0.0
1164	0.0
1165	0.0
1166	0.0
1167	0.0
1168	0.0
1169	0.0
117	0.0199
1170	0.0
1171	0.0
1172	0.0
1173	0.0
1174	0.0
1175	0.0
1176	0.0
1177	1.0E-4
1178	2.0E-4
1179	0.0
118	0.0495
1180	0.0
1181	0.0
1182	0.0
1183	0.0
1184	0.0
1185	0.0
1186	0.0
1187	0.0
1188	0.0
1189	0.0
119	0.1198
1190	0.0
1191	0.0
1192	0.0
1193	1.0E-4
1194	1.0E-4
1195	1.0E-4
1196	0.0
1197	0.0
1198	0.0
1199	0.0062
12	3.0E-4
120	0.0528
1200	0.0
1201	0.0
1202	0.0
1203	0.0
1204	0.0
1205	0.0
1206	0.0
1207	0.0
1208	0.0
1209	0.0
121	0.0482
1210	0.0
1211	0.0
1212	0.0
1213	2.0E-4
1214	0.0
1215	0.0089
1216	0.014
1217	0.0089
1218	0.0089
1219	0.0
122	0.0528
1220	0.0
1221	0.0
1222	0.0
1223	0.0
1224	0.0
1225	0.0
1226	0.0
1227	2.0E-4
1228	2.0E-4
1229	2.0E-4
123	0.075
1230	2.0E-4
1231	2.0E-4
1232	2.0E-4
1233	2.0E-4
1234	0.0
1235	0.0
1236	0.0
1237	0.0
1238	0.0
1239	0.0
124	0.0688
1240	0.0
1241	0.0
1242	0.0
1243	0.0
1244	0.0
1245	0.0
1246	0.0
1247	0.0
1248	0.0
1249	0.0
125	0.0692
1250	0.0
1251	0.0
1252	0.0
1253	0.0
1254	0.0
1255	0.0
1256	0.0
1257	0.0
1258	0.0
1259	0.0
126	0.0696
1260	0.0
1261	0.0
1262	0.0
1263	0.0
1264	0.0
1265	0.0
1266	0.0
1267	0.0
1268	0.0
1269	2.0E-4
127	0.0216
1270	2.0E-4
1271	2.0E-4
1272	2.0E-4
1273	2.0E-4
1274	2.0E-4
1275	2.0E-4
1276	2.0E-4
1277	2.0E-4
1278	2.0E-4
1279	2.0E-4
128	0.0216
1280	2.0E-4
1281	2.0E-4
1282	2.0E-4
1283	2.0E-4
1284	0.0
1285	0.0
1286	0.0
1287	0.0
1288	6.0E-4
1289	6.0E-4
129	0.0203
1290	6.0E-4
1291	9.0E-4
1292	4.0E-4
1293	0.0025
1294	0.0025
1295	1.0E-4
1296	1.0E-4
1297	0.0
1298	0.0
1299	0.0
13	2.0E-4
130	0.0192
1300	0.0
1301	0.0
1302	0.0
1303	0.0
1304	0.0
1305	0.0
1306	0.0
1307	0.0
1308	0.0
1309	1.0E-4
131	0.016
1310	0.0
1311	0.0
1312	0.0
1313	0.0
1314	0.0
1315	0.0
1316	0.0
1317	0.0
1318	0.0
1319	0.0
132	0.2025
1320	0.0
1321	0.0
1322	0.0
1323	0.0
1324	0.0
1325	0.0
1326	0.0
1327	0.0
1328	0.0
1329	0.0
133	0.0067
1330	0.0
1331	0.0
1332	0.0
1333	0.0
1334	0.0
1335	0.0
1336	0.0
1337	0.0
1338	0.0
1339	0.0
134	0.0062
1340	0.0
1341	0.0
1342	1.0E-4
1343	1.0E-4
1344	0.0
1345	4.0E-4
1346	1.0E-4
1347	1.0E-4
1348	1.0E-4
1349	1.0E-4
135	0.0073
1350	1.0E-4
1351	1.0E-4
1352	1.0E-4
1353	1.0E-4
1354	1.0E-4
1355	1.0E-4
1356	1.0E-4
1357	1.0E-4
1358	1.0E-4
1359	1.0E-4
136	0.0078
1360	1.0E-4
1361	1.0E-4
1362	0.0
1363	0.001
1364	0.001
1365	1.0E-4
1366	1.0E-4
1367	1.0E-4
1368	1.0E-4
1369	1.0E-4
137	0.0084
1370	0.0253
1371	0.0025
1372	9.0E-4
1373	0.0011
1374	0.002
1375	7.0E-4
1376	5.0E-4
1377	5.0E-4
1378	2.0E-4
1379	0.0371
138	0.0118
1380	2.0E-4
1381	2.0E-4
1382	1.0E-4
1383	1.0E-4
1384	1.0E-4
1385	1.0E-4
1386	1.0E-4
1387	1.0E-4
1388	1.0E-4
1389	1.0E-4
139	0.0022
1390	0.0
1391	0.0
1392	0.0
1393	0.0
1394	0.0
1395	0.0
1396	0.0
1397	0.0
1398	0.0
1399	0.0
14	0.0213
140	0.0021
1400	0.0
1401	0.0
1402	0.0
1403	0.0
1404	0.0
1405	0.0
1406	0.0
1407	0.0
1408	7.0E-4
1409	0.0015
141	0.0019
1410	0.0015
1411	0.0015
1412	0.0015
1413	0.0015
1414	0.0015
1415	0.0015
1416	0.0018
1417	0.0024
1418	0.0015
1419	0.0023
142	0.0092
1420	0.0023
1421	0.0015
1422	0.0
1423	0.0
1424	0.0
1425	0.0
1426	0.0
1427	0.0
1428	0.0
1429	0.0
143	0.0125
1430	0.0
1431	0.0
1432	0.0
1433	5.0E-4
1434	5.0E-4
1435	5.0E-4
1436	5.0E-4
1437	5.0E-4
1438	0.0
1439	0.0
144	0.0027
1440	1.0E-4
1441	1.0E-4
1442	3.0E-4
1443	0.0192
1444	1.0E-4
1445	0.0
1446	0.0
1447	0.0
1448	0.0
1449	0.0
145	0.0232
1450	0.0
1451	0.0
1452	0.0
1453	0.0
1454	0.0
1455	0.0
1456	0.0
1457	1.0E-4
1458	0.0
1459	0.0
146	0.0019
1460	0.0
1461	5.0E-4
1462	5.0E-4
1463	5.0E-4
1464	5.0E-4
1465	5.0E-4
1466	5.0E-4
1467	0.1434
1468	0.0
1469	3.0E-4
147	0.0019
1470	3.0E-4
1471	3.0E-4
1472	3.0E-4
1473	0.0
1474	0.0
1475	0.0
1476	0.0
1477	0.0
1478	0.0
1479	0.0
148	0.0086
1480	0.0
1481	0.0
1482	0.0
1483	0.0
1484	0.0
1485	0.0
1486	0.0
1487	2.0E-4
1488	2.0E-4
1489	2.0E-4
149	0.0025
1490	2.0E-4
1491	1.0E-4
1492	1.0E-4
1493	1.0E-4
1494	2.0E-4
1495	0.0
1496	0.0
1497	0.0
1498	0.0
1499	1.0E-4
15	2.0E-4
150	0.0025
1500	0.0
1501	0.0
1502	1.0E-4
1503	1.0E-4
1504	0.0
1505	1.0E-4
1506	1.0E-4
1507	0.0011
1508	1.0E-4
1509	0.0
151	0.0053
1510	0.0
1511	0.0
1512	0.0
1513	0.0
1514	0.0
1515	0.0
1516	0.0
1517	0.0
1518	0.0
1519	0.0
152	0.0017
1520	0.0
1521	0.0
1522	0.0
1523	0.0
1524	0.0
1525	0.0
1526	0.0
1527	0.0
1528	0.0
1529	0.0
153	0.0054
1530	0.0
1531	0.0
1532	0.0
1533	0.0024
1534	0.0
1535	0.0
1536	0.0
1537	0.0
1538	0.0206
1539	0.0325
154	0.0
1540	0.0447
1541	0.0447
1542	0.0206
1543	2.0E-4
1544	0.0
1545	0.0
1546	0.0
1547	0.0
1548	0.0
1549	0.0
155	0.0114
1550	0.0
1551	0.0
1552	0.0
1553	0.0
1554	0.0
1555	0.0
1556	0.0
1557	0.0
1558	0.0
1559	0.0
156	0.0048
1560	0.0
1561	0.0
1562	0.0
1563	0.0
1564	0.0
1565	0.0
1566	0.0
1567	0.0
1568	0.0
1569	0.0
157	0.0117
1570	0.0
1571	0.0
1572	0.0
1573	0.0
1574	0.0
1575	0.0
1576	0.0
1577	0.0
1578	0.0
1579	0.0
158	0.0137
1580	0.0
1581	0.0
1582	0.0
1583	0.0
1584	0.0
1585	0.0
1586	0.0
1587	0.0
1588	0.0
1589	1.0E-4
159	0.0117
1590	0.0
1591	0.0
1592	0.0
1593	0.0
1594	0.0
1595	0.0
1596	0.0
1597	0.0
1598	0.0
1599	0.0
16	0.0828
160	0.0126
1600	0.0
1601	0.0
1602	5.0E-4
1603	5.0E-4
1604	5.0E-4
1605	5.0E-4
1606	5.0E-4
1607	0.0
1608	0.004
1609	0.004
161	0.0121
1610	0.004
1611	0.004
1612	0.004
1613	0.004
1614	2.0E-4
1615	2.0E-4
1616	2.0E-4
1617	2.0E-4
1618	2.0E-4
1619	0.0
162	0.0117
1620	0.0046
1621	0.0035
1622	0.0035
1623	0.0035
1624	0.0035
1625	0.0035
1626	0.0
1627	0.0
1628	0.0
1629	0.0
163	0.0114
1630	0.0
1631	0.0
1632	0.0
1633	0.0
1634	0.0
1635	0.0
1636	0.0
1637	0.0
1638	0.0
1639	0.0
164	0.0069
1640	0.0
1641	0.0
1642	0.0
1643	0.0
1644	0.0
1645	0.0
1646	0.0
1647	0.0
1648	0.0
1649	0.0
165	0.0114
1650	0.0
1651	0.0
1652	0.0
1653	0.0
1654	0.0
1655	0.0
1656	0.0
1657	0.0
1658	0.0
1659	0.0
166	0.012
1660	0.0
1661	0.0
1662	0.0
1663	0.0
1664	0.0
1665	0.0112
1666	0.0176
1667	0.0112
1668	0.0112
1669	7.0E-4
167	0.0114
1670	7.0E-4
1671	8.0E-4
1672	7.0E-4
1673	7.0E-4
1674	7.0E-4
1675	7.0E-4
1676	7.0E-4
1677	7.0E-4
1678	0.1685
1679	0.0011
168	0.0102
1680	0.0
1681	0.0
1682	0.0
1683	1.0E-4
1684	0.0
1685	0.0
1686	0.0
1687	0.0
1688	0.0
1689	0.0
169	0.0102
1690	0.0
1691	0.0
1692	0.0
1693	0.0
1694	0.0
1695	0.0
1696	0.0
1697	0.0
1698	0.0
1699	0.0
17	2.0E-4
170	0.0102
1700	0.0
1701	0.0
1702	0.0
1703	0.0
1704	0.0
1705	0.0
1706	0.0
1707	0.0
1708	0.0
1709	0.0
171	0.0102
1710	0.0
1711	0.0
1712	0.0
1713	0.0
1714	0.0
1715	0.0
1716	0.0
1717	0.0
1718	0.0
1719	0.0
172	0.0102
1720	0.0
1721	0.0
1722	0.0
1723	0.0
1724	0.0
1725	0.0
1726	0.0
1727	0.0
1728	0.0
1729	0.0
173	0.01
1730	0.0
1731	0.0
1732	0.0
1733	0.0
1734	0.0
1735	0.0
1736	0.0
1737	0.0
1738	0.0
1739	0.0
174	0.0074
1740	0.0
1741	0.0
1742	0.0
1743	0.0
1744	0.0
1745	0.0
1746	0.0
1747	0.0
1748	0.0
1749	0.0
175	0.0114
1750	0.0
1751	0.0
1752	0.0
1753	0.0
1754	0.0
1755	0.0
1756	0.0
1757	0.0
1758	0.0
1759	0.0
176	0.0126
1760	0.0
1761	1.0E-4
1762	1.0E-4
1763	1.0E-4
1764	2.0E-4
1765	2.0E-4
1766	0.0
1767	0.0
1768	0.0
1769	0.0
177	0.0076
1770	0.0
1771	0.0
1772	0.0
1773	0.0
1774	0.0
1775	0.0
1776	0.0
1777	0.0
1778	0.0
1779	0.0
178	0.0023
1780	0.0
1781	0.0
1782	0.0
1783	0.0
1784	0.0
1785	0.0
1786	0.0
1787	0.0
1788	0.0
1789	0.0
179	0.0041
1790	0.0
1791	0.0
1792	0.0
1793	0.0
1794	0.0
1795	0.0
1796	0.0
1797	0.0
1798	0.0
1799	0.0
18	0.0089
180	0.0038
1800	0.0
1801	0.0
1802	0.0
1803	0.0
1804	0.0
1805	0.0
1806	0.0
1807	0.0
1808	0.0
1809	0.0
181	0.0039
1810	0.0
1811	0.0
1812	0.0
1813	0.0
1814	0.0
1815	0.0
1816	0.0
1817	0.0
1818	1.0E-4
1819	4.0E-4
182	0.0025
1820	2.0E-4
1821	2.0E-4
1822	2.0E-4
1823	3.0E-4
1824	3.0E-4
1825	3.0E-4
1826	3.0E-4
1827	3.0E-4
1828	3.0E-4
1829	3.0E-4
183	0.0038
1830	3.0E-4
1831	5.0E-4
1832	3.0E-4
1833	5.0E-4
1834	5.0E-4
1835	3.0E-4
1836	3.0E-4
1837	2.0E-4
1838	5.0E-4
1839	5.0E-4
184	0.0039
1840	5.0E-4
1841	4.0E-4
1842	4.0E-4
1843	4.0E-4
1844	4.0E-4
1845	4.0E-4
1846	4.0E-4
1847	4.0E-4
1848	4.0E-4
1849	1.0E-4
185	0.0038
1850	1.0E-4
1851	2.0E-4
1852	1.0E-4
1853	1.0E-4
1854	0.0
1855	0.0
1856	0.0
1857	0.0
1858	0.0
1859	0.0
186	0.0039
1860	0.0
1861	1.0E-4
1862	1.0E-4
1863	1.0E-4
1864	0.0
1865	0.0
1866	0.0
1867	0.0
1868	0.0
1869	0.0
187	0.0039
1870	0.0
1871	0.02
1872	0.0765
1873	0.0839
1874	0.0199
1875	0.0992
1876	0.0665
1877	0.0992
1878	0.1001
1879	0.0038
188	0.0038
1880	0.0038
1881	0.0038
1882	0.0038
1883	0.0877
1884	0.0026
1885	0.0026
1886	0.0026
1887	0.0026
1888	0.0026
1889	0.0026
189	0.0046
1890	0.0026
1891	0.0026
1892	0.0026
1893	0.0026
1894	0.0026
1895	0.0026
1896	0.0
1897	0.0
1898	0.0
1899	0.0
19	0.0014
190	1.0E-4
1900	0.0
1901	0.0
1902	0.0
1903	0.0
1904	0.0
1905	0.0
1906	0.0
1907	0.0
1908	0.0
1909	0.0
191	2.0E-4
1910	0.0
1911	0.0
1912	0.0
1913	0.0
1914	0.0
1915	0.0
1916	0.0
1917	0.0
1918	0.0
1919	0.0
192	0.0097
1920	0.0
1921	0.0
1922	0.0
1923	0.0
1924	0.0
1925	0.0
1926	0.0
1927	0.0
1928	0.0
1929	0.0
193	0.0648
1930	0.0
1931	0.0
1932	0.0
1933	0.0
1934	0.0
1935	0.0
1936	0.0
1937	0.0
1938	0.0
1939	0.0
194	0.0235
1940	0.0
1941	0.0
1942	0.0
1943	0.0
1944	0.0
1945	0.0
1946	0.0
1947	0.0
1948	0.0
1949	0.0
195	0.032
1950	0.0
1951	0.0
1952	0.0
1953	0.0
1954	0.0
1955	0.0
1956	0.0
1957	0.0
1958	0.0
1959	0.0
196	0.0319
1960	0.0
1961	0.0
1962	0.0
1963	0.0
1964	0.0
1965	0.0
1966	0.0
1967	0.0
1968	0.0
1969	0.0
197	0.0218
1970	0.0
1971	0.0
1972	0.0
1973	0.0
1974	0.0
1975	0.0
1976	0.0
1977	0.0
1978	0.0
1979	0.0
198	0.0267
1980	0.0
1981	0.0
1982	0.0
1983	0.0
1984	0.0
1985	0.0
1986	0.0
1987	0.0
1988	0.0
1989	0.0
199	0.0317
1990	0.0
1991	0.0
1992	0.0
1993	0.0
1994	0.0
1995	0.0354
1996	0.0
1997	0.0
1998	0.0
1999	0.0
2	0.7771
20	0.0047
200	0.0365
2000	0.0
2001	0.0
2002	0.0
2003	0.0
2004	0.0
2005	0.0
2006	0.0
2007	0.0
2008	0.0
2009	0.0
201	0.0636
2010	0.0
2011	0.0
2012	0.0
2013	0.0
2014	0.0
2015	0.0
2016	0.0
2017	0.0
2018	0.0
2019	0.0
202	0.0651
2020	0.0
2021	0.0
2022	0.0
2023	0.0
2024	0.0
2025	0.0
2026	0.0
2027	0.0
2028	0.0
2029	0.0
203	0.0205
2030	0.0
2031	0.0
2032	0.0
2033	0.0
2034	0.0
2035	0.0
2036	0.0
2037	0.0
2038	0.0
2039	0.0
204	0.0298
2040	0.0
2041	0.0
2042	0.0
2043	0.0
2044	0.0
2045	0.0
2046	0.0
2047	0.0
2048	0.0
2049	0.0
205	0.0242
2050	0.0
2051	0.0
2052	0.0
2053	0.0
2054	0.0
2055	0.0
2056	0.0
2057	0.0
2058	0.0
2059	0.0
206	0.02
2060	0.0
2061	0.0
2062	0.0
2063	0.0
2064	0.0
2065	0.0
2066	0.0
2067	0.0
2068	0.0
2069	0.0
207	2.0E-4
2070	0.0
2071	0.0
2072	0.0
2073	0.0
2074	0.0
2075	0.0
2076	0.0
2077	0.0
2078	0.0
2079	0.0
208	2.0E-4
2080	4.0E-4
2081	3.0E-4
2082	4.0E-4
2083	3.0E-4
2084	2.0E-4
2085	3.0E-4
2086	1.0E-4
2087	1.0E-4
2088	1.0E-4
2089	1.0E-4
209	5.0E-4
2090	2.0E-4
2091	1.0E-4
2092	1.0E-4
2093	2.0E-4
2094	2.0E-4
2095	1.0E-4
2096	2.0E-4
2097	1.0E-4
2098	8.0E-4
2099	2.0E-4
21	0.0014
210	4.0E-4
2100	0.1685
2101	0.0011
2102	0.0
2103	0.0072
2104	0.0
2105	0.0
2106	0.0
2107	0.0
2108	0.0
2109	0.0
211	0.0067
2110	0.0
2111	0.0
2112	0.0
2113	0.0
2114	0.0
2115	0.0
2116	0.0
2117	0.0
2118	0.0
2119	0.0
212	0.0418
2120	0.0
2121	0.0
2122	0.0
2123	0.0
2124	0.0
2125	3.0E-4
2126	3.0E-4
2127	3.0E-4
2128	7.0E-4
2129	3.0E-4
213	0.0414
2130	3.0E-4
2131	3.0E-4
2132	2.0E-4
2133	2.0E-4
2134	2.0E-4
2135	2.0E-4
2136	2.0E-4
2137	4.0E-4
2138	4.0E-4
2139	5.0E-4
214	0.0415
2140	4.0E-4
2141	4.0E-4
2142	4.0E-4
2143	4.0E-4
2144	0.0209
2145	0.0248
2146	0.0203
2147	0.0203
2148	0.0209
2149	0.0
215	0.0409
2150	0.0
2151	0.0
2152	0.0
2153	0.0
2154	0.0
2155	0.0
2156	0.0
2157	0.0
2158	0.0
2159	0.0
216	0.0412
2160	0.0
2161	0.0
2162	0.0
2163	0.0
2164	0.0
2165	0.0
2166	0.0
2167	0.0
2168	0.0
2169	0.0
217	0.0421
2170	0.0
2171	0.0011
2172	0.014
2173	0.0
2174	0.0
2175	0.0
2176	0.0
2177	0.0
2178	0.0
2179	0.0
218	0.0271
2180	0.0
2181	0.0
2182	0.0
2183	0.0
2184	0.0
2185	0.0
2186	0.0
2187	0.0
2188	0.0
2189	0.0
219	0.0072
2190	0.0
2191	0.0
2192	0.0
2193	0.0307
2194	0.0301
2195	0.0301
2196	0.0307
2197	0.0307
2198	0.0288
2199	0.0011
22	2.0E-4
220	0.0077
2200	0.0011
2201	0.0011
2202	0.0011
2203	0.0011
2204	0.0011
2205	0.0011
2206	0.0011
2207	0.0011
2208	0.0011
2209	1.0E-4
221	3.0E-4
2210	0.0
2211	0.0
2212	0.0
2213	0.0
2214	0.0
2215	0.0
2216	0.0
2217	0.0
2218	0.0
2219	0.0
222	3.0E-4
2220	0.0
2221	0.0
2222	0.0
2223	0.0
2224	0.0
2225	0.0
2226	0.0
2227	0.0
2228	0.0
2229	0.0
223	0.0
2230	0.0
2231	0.0
2232	0.0
2233	0.0
2234	0.0
2235	0.0
2236	0.0
2237	0.0
2238	0.0
2239	0.0
224	0.0504
2240	0.0
2241	0.0
2242	0.0
2243	0.0
2244	0.0
2245	0.0
2246	0.0
2247	0.0
2248	0.0
2249	0.0
225	1.0E-4
2250	0.0
2251	0.0
2252	0.0
2253	0.0
2254	0.0
2255	0.0
2256	0.0
2257	0.0
2258	0.0
2259	0.0
226	1.0E-4
2260	0.0
2261	0.0
2262	0.0
2263	0.0
2264	0.0
2265	0.0
2266	0.0
2267	0.0
2268	0.0
2269	0.0
227	1.0E-4
2270	0.0
2271	0.0
2272	0.0
2273	0.0
2274	0.0
2275	0.0
2276	0.0
2277	0.0
2278	0.0
2279	0.0
228	1.0E-4
2280	0.0
2281	0.0
2282	0.0
2283	0.0
2284	0.0
2285	0.0
2286	0.0
2287	0.0
2288	0.0
2289	0.0
229	1.0E-4
2290	0.0
2291	0.0
2292	0.0
2293	0.0
2294	0.0
2295	0.0
2296	0.0
2297	0.0
2298	0.0
2299	0.0
23	0.0021
230	1.0E-4
2300	0.0
2301	0.0
2302	0.0
2303	0.0
2304	0.0
2305	0.0
2306	0.0
2307	0.0
2308	0.0
2309	0.0
231	0.0073
2310	0.0
2311	0.0
2312	0.0
2313	0.0
2314	0.0
2315	0.0
2316	0.0
2317	0.0
2318	0.0
2319	0.0
232	0.0055
2320	0.0
2321	0.0
2322	0.0
2323	0.0
2324	0.0
2325	0.0
2326	0.0
2327	0.0
2328	0.0
2329	0.0
233	0.0055
2330	0.0
2331	0.0
2332	0.0
2333	0.0
2334	0.0
2335	0.0
2336	0.0
2337	0.0
2338	0.0
2339	0.0
234	0.0055
2340	0.0
2341	0.0
2342	0.0
2343	0.0
2344	0.0
2345	0.0
2346	0.0
2347	0.0
2348	0.0
2349	0.0
235	0.0089
2350	0.0
2351	0.0
2352	0.0
2353	0.0
2354	0.0
2355	0.0
2356	0.0
2357	0.0
2358	0.0
2359	0.0
236	0.0095
2360	0.0
2361	0.0
2362	1.0E-4
2363	0.0051
2364	0.0
2365	0.0
2366	0.0
2367	0.0
2368	0.0
2369	0.0
237	0.0055
2370	0.0
2371	0.0
2372	0.0
2373	0.0
2374	0.0
2375	0.0
2376	0.0
2377	0.0
2378	0.0
2379	0.0
238	0.0055
2380	0.0
2381	0.0
2382	0.0
2383	0.0
2384	0.0
2385	0.0
2386	0.0
2387	0.0
2388	0.0
2389	0.0
239	0.0055
2390	0.0
2391	0.0
2392	0.0
2393	0.0
2394	0.0
2395	0.0
2396	0.0
2397	0.0
2398	0.0
2399	0.0
24	2.0E-4
240	0.0095
2400	0.0
2401	0.0
2402	0.0
2403	0.0
2404	0.0
2405	0.0
2406	0.0
2407	0.0
2408	0.0
2409	0.0
241	0.0057
2410	0.0
2411	0.0
2412	0.0
2413	0.0
2414	0.0
2415	0.0
2416	0.0
2417	0.0
2418	0.0
2419	0.0
242	0.0086
2420	0.0
2421	0.0
2422	0.0
2423	0.0
2424	0.0
2425	0.0
2426	0.0
2427	0.0
2428	0.0
2429	0.0
243	0.0055
2430	0.0
2431	0.0
2432	0.0
2433	0.0
2434	0.0
2435	0.0
2436	0.0
2437	0.0
2438	0.0
2439	0.0
244	0.0083
2440	0.0
2441	0.0
2442	0.0
2443	0.0
2444	0.0
2445	0.0
2446	0.0
2447	0.0
2448	0.0
2449	0.0
245	0.0083
2450	0.0
2451	0.0
2452	5.0E-4
2453	3.0E-4
2454	3.0E-4
2455	1.0E-4
2456	3.0E-4
2457	3.0E-4
2458	3.0E-4
2459	1.0E-4
246	0.0075
2460	1.0E-4
2461	1.0E-4
2462	1.0E-4
2463	1.0E-4
2464	1.0E-4
2465	1.0E-4
2466	1.0E-4
2467	1.0E-4
2468	1.0E-4
2469	1.0E-4
247	0.0055
2470	1.0E-4
2471	1.0E-4
2472	1.0E-4
2473	1.0E-4
2474	1.0E-4
2475	1.0E-4
2476	1.0E-4
2477	1.0E-4
2478	1.0E-4
2479	1.0E-4
248	0.014
2480	1.0E-4
2481	1.0E-4
2482	3.0E-4
2483	2.0E-4
2484	2.0E-4
2485	7.0E-4
2486	7.0E-4
2487	1.0E-4
2488	1.0E-4
2489	1.0E-4
249	0.0337
2490	1.0E-4
2491	1.0E-4
2492	1.0E-4
2493	1.0E-4
2494	1.0E-4
2495	1.0E-4
2496	1.0E-4
2497	1.0E-4
2498	1.0E-4
2499	1.0E-4
25	2.0E-4
250	0.0073
2500	1.0E-4
2501	1.0E-4
2502	1.0E-4
2503	1.0E-4
2504	1.0E-4
2505	1.0E-4
2506	1.0E-4
2507	1.0E-4
2508	1.0E-4
2509	1.0E-4
251	0.0076
2510	0.0
2511	0.0
2512	0.0
2513	0.0
2514	0.0
2515	0.0
2516	0.0
2517	0.0
2518	0.0
2519	0.0
252	0.0176
2520	0.0
2521	0.0
2522	0.0
2523	0.0
2524	0.0
2525	0.0
2526	0.0
2527	0.0
2528	0.0
2529	0.0
253	0.0058
2530	0.0
2531	0.0
2532	0.0
2533	0.0
2534	0.0
2535	0.0
2536	0.0051
2537	0.0113
2538	0.0113
2539	0.0051
254	0.0101
2540	0.0
2541	0.0
2542	0.0
2543	0.0
2544	0.0
2545	0.0
2546	0.0
2547	0.0
2548	0.0
2549	0.0
255	0.013
2550	0.0
2551	0.0091
2552	0.0091
2553	0.0091
2554	0.0091
2555	0.0
2556	0.0
2557	0.0
2558	0.0
2559	0.0
256	0.012
2560	0.0
2561	0.0
2562	0.0
2563	1.0E-4
2564	0.0
2565	0.0
2566	0.0
2567	0.0
2568	0.0
2569	0.0
257	0.015
2570	0.0
2571	0.0
2572	0.0
2573	0.0
2574	0.0
2575	0.0
2576	0.0
2577	0.0
2578	0.0
2579	0.0
258	0.0339
2580	0.0
2581	0.0
2582	0.0
2583	0.0
2584	0.0
2585	0.0
2586	0.0
2587	0.0
2588	2.0E-4
2589	0.0
259	0.0339
2590	0.0
2591	0.0
2592	0.0
2593	0.0
2594	0.0
2595	0.0
2596	0.0
2597	0.0
2598	2.0E-4
2599	0.0
26	0.0344
260	0.0339
2600	0.0
2601	0.0
2602	0.0
2603	0.0
2604	0.0
2605	0.0
2606	0.0
2607	0.0
2608	0.0
2609	0.0
261	0.0032
2610	0.0
2611	0.0
2612	0.0
2613	0.0
2614	0.0
2615	0.0
2616	0.0
2617	0.0
2618	0.0
2619	0.0
262	0.0035
2620	0.0
2621	0.0
2622	0.0
2623	0.0
2624	0.0
2625	0.0
2626	0.0
2627	0.0
2628	0.0
2629	0.0
263	0.0033
2630	0.0
2631	0.0
2632	0.0
2633	0.0
2634	0.0
2635	0.0
2636	0.0
2637	0.0
2638	0.0
2639	0.0
264	0.0037
2640	0.0
2641	0.0
2642	0.0
2643	0.0
2644	0.0
2645	0.0
2646	0.0
2647	0.0
2648	0.0
2649	0.0
265	0.0034
2650	0.0
2651	0.0
2652	0.0
2653	0.0
2654	0.0
2655	0.0
2656	0.0
2657	0.0
2658	0.0
2659	0.0
266	0.0033
2660	0.0
2661	0.0
2662	0.0
2663	0.0
2664	0.0
2665	0.0
2666	0.0
2667	0.0
2668	0.0
2669	0.0
267	0.0036
2670	0.0
2671	0.0376
2672	0.0376
2673	0.0376
2674	0.0376
2675	0.0376
2676	0.0
2677	0.0
2678	0.0
2679	0.0
268	0.0035
2680	0.0
2681	0.0
2682	0.0
2683	0.0
2684	0.0
2685	0.0
2686	0.0
2687	0.0
2688	0.0
2689	0.0
269	0.0033
2690	0.0
2691	0.0
2692	0.0
2693	0.0
2694	0.0
2695	0.0
2696	0.0
2697	0.0
2698	0.0
2699	0.0
27	0.4464
270	0.0036
2700	0.0
2701	0.0
2702	0.0
2703	0.0
2704	0.0
2705	0.0
2706	0.0
2707	0.0
2708	0.0
2709	0.0
271	0.0031
2710	0.0
2711	0.0
2712	0.0
2713	0.0
2714	0.0
2715	0.0
2716	0.0
2717	0.0
2718	0.0
2719	0.0
272	0.0035
2720	0.0
2721	0.0
2722	0.0
2723	0.0
2724	0.0
2725	0.0
2726	0.0
2727	0.0
2728	0.0
2729	0.0
273	0.0033
2730	0.0
2731	0.0
2732	0.0
2733	0.0
2734	0.0
2735	0.0063
2736	0.0
2737	1.0E-4
2738	1.0E-4
2739	1.0E-4
274	0.0031
2740	1.0E-4
2741	1.0E-4
2742	1.0E-4
2743	1.0E-4
2744	1.0E-4
2745	1.0E-4
2746	1.0E-4
2747	1.0E-4
2748	0.0
2749	0.0
275	0.0035
2750	0.0
2751	0.0
2752	0.0
2753	4.0E-4
2754	0.0
2755	0.0
2756	0.0
2757	0.0
2758	0.0
2759	0.0
276	0.0039
2760	0.0
2761	0.0
2762	0.0
2763	1.0E-4
2764	1.0E-4
2765	1.0E-4
2766	1.0E-4
2767	1.0E-4
2768	1.0E-4
2769	1.0E-4
277	0.0034
2770	1.0E-4
2771	0.0026
2772	0.0026
2773	0.0026
2774	0.0026
2775	0.0026
2776	0.0026
2777	0.0026
2778	0.0026
2779	0.0026
278	0.0036
2780	0.0026
2781	0.0026
2782	0.0026
2783	0.0
2784	0.0
2785	0.0
2786	1.0E-4
2787	3.0E-4
2788	3.0E-4
2789	0.0
279	0.0033
2790	0.0
2791	0.0
2792	0.0
2793	0.0
2794	0.0
2795	0.0
2796	0.0
2797	0.0
2798	2.0E-4
2799	0.0
28	0.3412
280	0.0068
2800	0.0
2801	0.0
2802	0.0
2803	0.0
2804	0.0
2805	0.0
2806	0.0
2807	0.0
2808	0.0
2809	0.0
281	0.0033
2810	0.0
2811	0.0
2812	0.0
2813	0.0
2814	0.0
2815	0.0
2816	0.0
2817	0.0
2818	0.0
2819	0.0
282	0.0034
2820	0.0
2821	0.0
2822	0.0
2823	0.0
2824	0.0
2825	0.0
2826	0.0
2827	0.0
2828	0.0
2829	0.0
283	0.0033
2830	0.0
2831	0.0
2832	0.0
2833	0.0
2834	0.0
2835	0.0
2836	0.0
2837	0.0
2838	0.0
2839	0.0
284	0.0034
2840	0.0
2841	0.0
2842	0.0
2843	0.0
2844	0.0
2845	0.0
2846	0.0
2847	0.0
2848	0.0
2849	0.0
285	0.0033
2850	0.0
2851	0.0
2852	0.0
2853	0.0
2854	0.0
2855	0.0
2856	0.0
2857	0.0
2858	0.0
2859	0.0
286	0.0033
2860	0.0
2861	0.0
2862	0.0
2863	0.0
2864	0.0
2865	0.0
2866	0.0
2867	0.0
2868	0.0
2869	0.0
287	0.0033
2870	0.0
2871	0.0
2872	0.0
2873	0.0
2874	0.0
2875	0.0
2876	0.0
2877	0.0
2878	0.0
2879	0.0
288	0.0034
2880	0.0
2881	0.0
2882	0.0
2883	0.0
2884	0.0
2885	0.0
2886	0.0
2887	0.0
2888	0.0
2889	0.0
289	0.0033
2890	0.0
2891	0.0
2892	0.0
2893	0.0
2894	0.0
2895	0.0
2896	0.0
2897	0.0
2898	0.0
2899	0.0
29	0.3425
290	0.0034
2900	0.0
2901	0.0
2902	0.0
2903	0.0
2904	0.0
2905	0.0
2906	0.0
2907	0.0
2908	0.0
2909	0.0
291	0.0034
2910	0.0
2911	0.0
2912	0.0
2913	0.0
2914	0.0
2915	0.0
2916	0.0
2917	0.0
2918	0.0
2919	0.0
292	0.0034
2920	0.0
2921	0.0
2922	0.0
2923	0.0
2924	0.0
2925	0.0
2926	0.0
2927	0.0
2928	0.0
2929	0.0
293	0.0033
2930	0.0
2931	0.0
2932	0.0
2933	0.0
2934	0.0
2935	0.0
2936	0.0
2937	0.0
2938	0.0
2939	0.0
294	0.005
2940	0.0
2941	0.0
2942	0.0
2943	0.0
2944	0.0
2945	0.0
2946	0.0
2947	0.0
2948	0.0
2949	0.0
295	0.005
2950	0.0
2951	0.0
2952	0.0
2953	0.0
2954	0.0
2955	0.0
2956	0.0
2957	0.0
2958	0.0
2959	0.0
296	0.005
2960	0.0
2961	0.0
2962	0.0
2963	0.0
2964	0.0
2965	0.0
2966	0.0
2967	0.0
2968	0.0
2969	0.0
297	0.0052
2970	0.0
2971	0.0
2972	0.0
2973	0.0
2974	0.0
2975	0.0
2976	0.0
2977	0.0
2978	0.0
2979	0.0
298	0.0052
2980	0.0
2981	0.0
2982	0.0
2983	2.0E-4
2984	0.0
2985	0.0
2986	0.0
2987	0.0
2988	0.0
2989	0.0
299	0.005
2990	1.0E-4
2991	1.0E-4
2992	1.0E-4
2993	1.0E-4
2994	0.0
2995	1.0E-4
2996	1.0E-4
2997	1.0E-4
2998	0.0
2999	0.0
3	3.0E-4
30	0.0909
300	0.0166
3000	0.0
3001	0.0
3002	0.0
3003	0.0
3004	0.0
3005	0.0
3006	0.0
3007	0.0
3008	0.0
3009	0.0
301	0.005
3010	0.0
3011	0.0
3012	0.0
3013	0.0
3014	0.0
3015	0.0
3016	0.0
3017	0.0
3018	0.0
3019	0.0
302	0.0123
3020	0.0
3021	0.0
3022	0.0
3023	0.0
3024	0.0
3025	0.0
3026	1.0E-4
3027	1.0E-4
3028	0.0
3029	0.0
303	0.017
3030	2.0E-4
3031	2.0E-4
3032	0.0
3033	0.0
3034	0.0
3035	0.0
3036	0.0
3037	0.0
3038	0.0
3039	0.0
304	2.0E-4
3040	0.0
3041	0.0
3042	0.0
3043	0.0
3044	0.0
3045	0.0
3046	0.0
3047	0.0
3048	0.0
3049	0.0
305	5.0E-4
3050	0.0
3051	0.0
3052	0.0
3053	0.0
3054	0.0
3055	2.0E-4
3056	2.0E-4
3057	2.0E-4
3058	2.0E-4
3059	0.0
306	5.0E-4
3060	0.0
3061	0.0
3062	0.0
3063	0.0
3064	0.0
3065	1.0E-4
3066	1.0E-4
3067	0.0
3068	1.0E-4
3069	0.0
307	6.0E-4
3070	0.0
3071	0.0
3072	0.0
3073	0.0
3074	0.0
3075	0.0
3076	0.0
3077	0.0
3078	0.0
3079	0.0
308	3.0E-4
3080	0.0
3081	0.0
3082	0.0
3083	0.0
3084	0.0
3085	0.0
3086	0.0
3087	0.0
3088	0.0186
3089	0.073
309	0.0286
3090	0.0064
3091	0.0064
3092	0.0064
3093	0.0064
3094	0.0066
3095	0.0131
3096	0.0064
3097	0.0071
3098	0.0114
3099	0.0107
31	0.0517
310	0.0239
3100	0.0107
3101	0.0107
3102	0.0071
3103	0.0071
3104	0.0079
3105	0.0107
3106	0.0107
3107	0.0109
3108	0.0107
3109	0.0134
311	0.024
3110	0.0107
3111	0.0368
3112	0.01
3113	0.01
3114	0.0017
3115	0.0019
3116	0.0017
3117	0.0022
3118	0.0017
3119	0.0094
312	0.0251
3120	0.0098
3121	0.0
3122	0.0
3123	0.0
3124	0.0
3125	0.0
3126	0.0
3127	0.0
3128	0.0
3129	0.0353
313	0.0239
3130	1.0E-4
3131	1.0E-4
3132	1.0E-4
3133	1.0E-4
3134	1.0E-4
3135	1.0E-4
3136	1.0E-4
3137	1.0E-4
3138	1.0E-4
3139	2.0E-4
314	0.0239
3140	0.0026
3141	0.0026
3142	0.0026
3143	0.0026
3144	0.0026
3145	0.0026
3146	0.0026
3147	0.0026
3148	0.0026
3149	0.0026
315	0.0239
3150	0.0026
3151	0.0026
3152	0.0
3153	0.0
3154	0.0
3155	0.0
3156	5.0E-4
3157	0.0
3158	0.0
3159	0.0
316	0.0239
3160	0.0
3161	1.0E-4
3162	0.0
3163	0.0115
3164	0.0021
3165	0.0
3166	0.0
3167	2.0E-4
3168	2.0E-4
3169	4.0E-4
317	0.0239
3170	0.0037
3171	0.0037
3172	0.0037
3173	0.0037
3174	0.0
3175	0.0
3176	0.0
3177	0.0011
3178	0.0011
3179	0.0011
318	0.0239
3180	0.0013
3181	0.016
3182	0.0952
3183	0.0018
3184	0.0505
3185	0.0011
3186	0.1953
3187	0.0015
3188	0.1302
3189	0.0398
319	0.0239
3190	0.0398
3191	0.0013
3192	0.0011
3193	0.0011
3194	0.0011
3195	0.0011
3196	0.0089
3197	0.0
3198	0.0
3199	0.0
32	0.0829
320	0.0289
3200	0.0
3201	0.0
3202	0.0
3203	0.0
3204	0.0
3205	0.0
3206	0.0
3207	0.0
3208	0.0
3209	0.0
321	0.0027
3210	0.0
3211	0.0
3212	0.0
3213	0.0
3214	0.0
3215	0.0
3216	0.0
3217	0.0
3218	0.0
3219	0.0
322	0.0027
3220	0.318
3221	0.2452
3222	0.0755
3223	0.1724
3224	0.2695
3225	0.1321
3226	0.2209
3227	0.4232
3228	0.1968
3229	0.1159
323	0.0027
3230	0.0
3231	0.0
3232	0.0
3233	0.0
3234	0.0
3235	0.0
3236	0.0
3237	0.0
3238	1.0E-4
3239	0.0
324	0.0034
3240	0.0
3241	0.0
3242	0.0
3243	0.0
3244	0.0
3245	0.0
3246	0.0
3247	0.0
3248	0.0
3249	0.0
325	7.0E-4
3250	0.0
3251	0.0
3252	0.0
3253	0.0
3254	0.0
3255	0.0
3256	0.0
3257	0.0
3258	0.0
3259	0.0
326	7.0E-4
3260	0.0
3261	0.0
3262	0.0
3263	0.0
3264	0.0
3265	0.0
3266	0.0
3267	0.0
3268	0.0
3269	0.0
327	7.0E-4
3270	0.0
3271	0.0
3272	0.0
3273	0.0
3274	0.128
3275	0.0
3276	0.0
3277	0.0
3278	0.0
3279	0.0
328	7.0E-4
3280	0.0
3281	0.0
3282	0.0
3283	0.0
3284	0.0
3285	0.0
3286	0.0
3287	0.0
3288	0.0
3289	0.0
329	7.0E-4
3290	0.0
3291	0.0
3292	0.0
3293	0.0
3294	0.0
3295	0.0
3296	0.0
3297	0.0
3298	0.0
3299	0.0
33	0.1046
330	7.0E-4
3300	1.0E-4
3301	1.0E-4
3302	1.0E-4
3303	0.0
3304	0.0
3305	0.0
3306	0.0
3307	0.0
3308	0.0
3309	0.0
331	0.0024
3310	0.0
3311	0.0
3312	0.0
3313	0.0
3314	0.0
3315	0.0
3316	0.0
3317	0.0
3318	0.0
3319	0.0
332	0.0027
3320	0.0
3321	0.0
3322	7.0E-4
3323	7.0E-4
3324	7.0E-4
3325	7.0E-4
3326	7.0E-4
3327	7.0E-4
3328	7.0E-4
3329	0.0
333	2.0E-4
3330	0.0
3331	0.0
3332	0.0
3333	0.0
3334	0.0
3335	0.0
3336	0.0
3337	0.0
3338	0.0
3339	0.0
334	0.0047
3340	0.0
3341	0.0
3342	0.0
3343	0.0
3344	0.0
3345	0.0
3346	0.0
3347	0.0
3348	0.0
3349	0.0
335	0.0047
3350	0.0
3351	0.0
3352	0.0
3353	0.0
3354	0.0
3355	0.0
3356	0.0
3357	0.0
3358	0.0
3359	0.0
336	0.0047
3360	0.0
3361	0.0
3362	0.0
3363	0.0
3364	0.0
3365	0.0
3366	0.0
3367	0.0
3368	0.0
3369	0.0
337	0.0186
3370	0.0
3371	0.0
3372	0.0
3373	0.0
3374	0.0
3375	0.0
3376	0.0
3377	0.0
3378	0.0
3379	0.0
338	0.0186
3380	0.0
3381	0.0
3382	0.0
3383	0.0
3384	0.0
3385	0.0
3386	0.0
3387	0.0
3388	0.0
3389	0.0
339	0.0186
3390	0.0
3391	0.0
3392	0.0
3393	0.0
3394	0.0
3395	0.0
3396	0.0
3397	0.0
3398	0.0
3399	0.0
34	0.0511
340	1.0E-4
3400	0.0
3401	0.0
3402	0.0
3403	0.0
3404	0.0
3405	0.0
3406	0.0
3407	0.0
3408	0.0
3409	0.0
341	3.0E-4
3410	0.0
3411	0.0
3412	0.0
3413	0.0
3414	0.0
3415	0.0
3416	0.0
3417	0.0
3418	0.0
3419	0.0
342	0.0
3420	0.0
3421	0.0
3422	0.0
3423	0.0
3424	0.0
3425	0.0
3426	0.0
3427	0.0
3428	0.0
3429	0.0
343	0.0
3430	0.0
3431	0.0
3432	0.0
3433	0.0
3434	0.0
3435	0.0
3436	0.0
3437	0.0
3438	0.0
3439	0.0
344	4.0E-4
3440	0.0
3441	0.0
3442	0.0
3443	0.0
3444	0.0
3445	0.0
3446	0.0
3447	0.0
3448	0.0
3449	0.0
345	0.0
3450	0.0
3451	0.0
3452	0.0
3453	0.0
3454	0.0
3455	0.0
3456	0.0
3457	0.0
3458	0.0
3459	0.0
346	0.0
3460	0.0
3461	0.0
3462	0.0
3463	0.0
3464	0.0
3465	0.0
3466	0.0
3467	0.0
3468	0.0
3469	0.0
347	0.0
3470	0.0
3471	0.0
3472	0.0
3473	0.0
3474	0.0
3475	0.0
3476	0.0
3477	0.0
3478	0.0
3479	0.0376
348	0.0
3480	0.0376
3481	0.0376
3482	0.0376
3483	0.0376
3484	0.0376
3485	0.0376
3486	0.0376
3487	0.0376
3488	0.0376
3489	0.0
349	0.0
3490	0.0
3491	0.0
3492	0.0
3493	0.0
3494	0.0
3495	0.0
3496	0.0
3497	0.0
3498	0.0
3499	0.0
35	0.0588
350	0.0
3500	0.0
3501	0.0
3502	0.0
3503	0.0
3504	0.0
3505	0.0
3506	0.0
3507	0.0
3508	0.0
3509	0.0
351	0.0
3510	0.0
3511	2.0E-4
3512	0.0098
3513	0.0
3514	0.0709
3515	0.0
3516	0.0
3517	0.0
3518	0.0
3519	0.0
352	0.0
3520	0.0
3521	0.0
3522	0.0
3523	0.0
3524	0.0
3525	0.0
3526	0.0
3527	0.0
3528	0.0
3529	0.0
353	0.0
3530	0.0
3531	0.0
3532	0.0
3533	0.0
3534	0.0
3535	0.0
3536	0.0
3537	0.0
3538	0.0
3539	0.0
354	0.0
3540	0.0
3541	0.0
3542	0.0
3543	0.0
3544	0.0
3545	0.0
3546	0.0
3547	0.0
3548	0.0
3549	0.0
355	0.0
3550	0.0
3551	0.0
3552	0.0
3553	0.0
3554	0.0
3555	0.0
3556	0.0
3557	0.0
3558	0.0
3559	0.0
356	0.0581
3560	0.0
3561	0.0
3562	0.0
3563	0.0
3564	0.0
3565	0.0
3566	0.0
3567	0.0
3568	0.0
3569	0.0
357	0.0529
3570	0.0
3571	0.0
3572	0.0
3573	0.0
3574	0.0
3575	0.0
3576	0.0
3577	0.0
3578	0.0
3579	0.0
358	0.0111
3580	0.0
3581	0.0
3582	0.0
3583	2.0E-4
3584	0.0303
3585	0.035
3586	0.046
3587	0.035
3588	8.0E-4
3589	8.0E-4
359	0.0173
3590	0.0011
3591	0.0014
3592	0.0014
3593	0.0014
3594	0.0018
3595	0.0018
3596	0.0018
3597	0.0011
3598	0.0018
3599	0.0018
36	0.1329
360	0.0111
3600	0.0198
3601	0.0012
3602	0.0076
3603	0.0016
3604	0.0017
3605	0.0057
3606	0.0057
3607	4.0E-4
3608	9.0E-4
3609	4.0E-4
361	0.0111
3610	9.0E-4
3611	5.0E-4
3612	5.0E-4
3613	0.0061
3614	9.0E-4
3615	0.0029
3616	0.0038
3617	7.0E-4
3618	7.0E-4
3619	7.0E-4
362	0.0385
3620	7.0E-4
3621	7.0E-4
3622	7.0E-4
3623	7.0E-4
3624	0.0016
3625	7.0E-4
3626	0.0014
3627	9.0E-4
3628	9.0E-4
3629	9.0E-4
363	5.0E-4
3630	9.0E-4
3631	9.0E-4
3632	9.0E-4
3633	9.0E-4
3634	0.0011
3635	0.0011
3636	0.0011
3637	0.0018
3638	4.0E-4
3639	4.0E-4
364	5.0E-4
3640	4.0E-4
3641	4.0E-4
3642	4.0E-4
3643	0.0751
3644	0.0751
3645	0.0704
3646	0.0704
3647	0.0704
3648	0.0704
3649	2.0E-4
365	0.001
3650	2.0E-4
3651	2.0E-4
3652	2.0E-4
3653	2.0E-4
3654	2.0E-4
3655	2.0E-4
3656	2.0E-4
3657	2.0E-4
3658	2.0E-4
3659	8.0E-4
366	5.0E-4
3660	4.0E-4
3661	4.0E-4
3662	4.0E-4
3663	4.0E-4
3664	0.0034
3665	0.0
3666	0.0
3667	0.0
3668	0.0
3669	0.0
367	5.0E-4
3670	0.0
3671	0.0
3672	0.0
3673	0.0
3674	0.0
3675	0.0
3676	0.0
3677	0.0
3678	0.0
3679	0.0
368	5.0E-4
3680	0.0
3681	0.0
3682	0.0
3683	0.0
3684	0.0
3685	0.0
3686	0.0
3687	0.0
3688	0.0
3689	0.0
369	0.0357
3690	0.0
3691	0.0
3692	0.0
3693	0.0
3694	0.0
3695	0.0
3696	0.0
3697	0.0
3698	0.0
3699	0.0
37	0.6269
370	0.0
3700	0.0
3701	0.0
3702	0.0098
3703	0.0
3704	1.0E-4
3705	4.0E-4
3706	2.0E-4
3707	1.0E-4
3708	1.0E-4
3709	1.0E-4
371	0.0
3710	0.0
3711	1.0E-4
3712	0.0
3713	1.0E-4
3714	1.0E-4
3715	1.0E-4
3716	0.0
3717	0.0
3718	0.0
3719	0.0
372	0.0
3720	0.0
3721	0.0
3722	0.0
3723	0.0
3724	0.0
3725	0.0
3726	0.0
3727	0.0
3728	0.0
3729	0.2554
373	0.0
3730	0.0
3731	0.0
3732	0.0
3733	0.0023
3734	0.0103
3735	0.0025
3736	0.0023
3737	2.0E-4
3738	7.0E-4
3739	8.0E-4
374	0.0
3740	0.0018
3741	5.0E-4
3742	0.2018
3743	2.0E-4
3744	2.0E-4
3745	2.0E-4
3746	2.0E-4
3747	2.0E-4
3748	1.0E-4
3749	1.0E-4
375	0.0
3750	1.0E-4
3751	1.0E-4
3752	1.0E-4
3753	1.0E-4
3754	1.0E-4
3755	1.0E-4
3756	1.0E-4
3757	1.0E-4
3758	1.0E-4
3759	4.0E-4
376	0.0
3760	4.0E-4
3761	4.0E-4
3762	0.002
3763	0.002
3764	0.002
3765	0.002
3766	0.0414
3767	0.0414
3768	2.0E-4
3769	2.0E-4
377	0.0
3770	2.0E-4
3771	2.0E-4
3772	2.0E-4
3773	0.0495
3774	0.0495
3775	0.0495
3776	0.0495
3777	2.0E-4
3778	2.0E-4
3779	2.0E-4
378	0.0
3780	2.0E-4
3781	0.0217
3782	0.0285
3783	0.0217
3784	0.0217
3785	0.0217
3786	0.0217
3787	2.0E-4
3788	3.0E-4
3789	0.0276
379	0.0
3790	0.0276
3791	0.0276
3792	0.0047
3793	0.0047
3794	0.0047
3795	0.0047
3796	0.0047
3797	0.0047
3798	0.0047
3799	0.0047
38	0.5777
380	0.0
3800	0.0
3801	0.0
3802	0.0
3803	0.0
3804	0.0
3805	0.0
3806	0.0
3807	0.0
3808	0.128
3809	0.0
381	0.0
3810	0.0
3811	0.0
3812	0.0
3813	0.0
3814	0.0
3815	0.0
3816	0.0
3817	0.0
3818	0.0
3819	0.0
382	7.0E-4
3820	0.0
3821	0.0
3822	0.0
3823	0.0
3824	0.0
3825	0.0
3826	0.0
3827	0.0
3828	0.0
3829	0.0
383	7.0E-4
3830	0.0
3831	0.0
3832	0.0
3833	0.0
3834	0.3709
3835	0.1777
3836	0.0693
3837	0.0298
3838	0.0182
3839	0.0149
384	0.0013
3840	0.0138
3841	0.0135
3842	0.0134
3843	0.0134
3844	0.0134
3845	0.0134
3846	0.0134
3847	0.0134
3848	0.0134
3849	0.0134
385	0.0013
3850	0.0134
3851	0.0134
3852	0.0134
3853	0.0134
3854	0.0134
3855	0.0134
3856	0.0134
3857	0.0134
3858	0.0134
3859	0.0134
386	0.0013
3860	0.0134
3861	0.0134
3862	0.0134
3863	0.0134
3864	0.0134
3865	0.0134
3866	0.0134
3867	0.0135
3868	0.0138
3869	0.0148
387	0.0028
3870	0.0188
3871	0.0361
3872	0.098
3873	0.2831
3874	0.0078
3875	0.2876
3876	0.1403
3877	0.0566
3878	0.026
3879	0.017
388	8.0E-4
3880	0.0144
3881	0.0136
3882	0.0133
3883	0.0133
3884	0.0133
3885	0.0132
3886	0.0132
3887	0.0132
3888	0.0132
3889	0.0132
389	0.0015
3890	0.0132
3891	0.0132
3892	0.0132
3893	0.0132
3894	0.0132
3895	0.0132
3896	0.0132
3897	0.0133
3898	0.0133
3899	0.0133
39	0.1498
390	0.0
3900	0.0135
3901	0.0143
3902	0.0175
3903	0.0309
3904	0.0786
3905	0.2198
3906	0.0077
3907	0.0929
3908	0.0519
3909	0.0262
391	0.0
3910	0.0163
3911	0.0134
3912	0.0128
3913	0.0135
3914	0.0179
3915	0.0322
3916	0.0718
3917	0.0069
3918	0.2043
3919	0.1027
392	0.0
3920	0.0439
3921	0.0221
3922	0.0157
3923	0.0138
3924	0.0132
3925	0.0131
3926	0.013
3927	0.013
3928	0.013
3929	0.013
393	0.0
3930	0.013
3931	0.013
3932	0.013
3933	0.013
3934	0.0132
3935	0.0138
3936	0.016
3937	0.0256
3938	0.0589
3939	0.1564
394	0.0
3940	0.0075
3941	0.3154
3942	0.1527
3943	0.0609
3944	0.0273
3945	0.0174
3946	0.0146
3947	0.0137
3948	0.0134
3949	0.0133
395	0.0
3950	0.0133
3951	0.0133
3952	0.0133
3953	0.0133
3954	0.0133
3955	0.0133
3956	0.0133
3957	0.0133
3958	0.0133
3959	0.0133
396	0.0
3960	0.0133
3961	0.0133
3962	0.0133
3963	0.0133
3964	0.0133
3965	0.0133
3966	0.0133
3967	0.0133
3968	0.0134
3969	0.0136
397	0.0
3970	0.0145
3971	0.0179
3972	0.0326
3973	0.085
3974	0.2409
3975	0.0077
3976	0.158
3977	0.0817
3978	0.0367
3979	0.0198
398	0.0
3980	0.0148
3981	0.0134
3982	0.0129
3983	0.0128
3984	0.0128
3985	0.0128
3986	0.0128
3987	0.0129
3988	0.0134
3989	0.0151
399	0.0
3990	0.0225
3991	0.0479
3992	0.1213
3993	0.0074
3994	0.2597
3995	0.1277
3996	0.0524
3997	0.0247
3998	0.0165
3999	0.0142
4	2.0E-4
40	0.2069
400	0.0
4000	0.0135
4001	0.0133
4002	0.0132
4003	0.0132
4004	0.0132
4005	0.0132
4006	0.0132
4007	0.0132
4008	0.0132
4009	0.0132
401	0.0
4010	0.0132
4011	0.0132
4012	0.0132
4013	0.0132
4014	0.0132
4015	0.0133
4016	0.0134
4017	0.0142
4018	0.017
4019	0.0291
402	0.0
4020	0.072
4021	0.1986
4022	0.0076
4023	0.491
4024	0.2318
4025	0.0875
4026	0.0352
4027	0.0198
4028	0.0154
4029	0.0141
403	0.0
4030	0.0137
4031	0.0135
4032	0.0135
4033	0.0135
4034	0.0135
4035	0.0135
4036	0.0135
4037	0.0135
4038	0.0135
4039	0.0135
404	0.0
4040	0.0135
4041	0.0135
4042	0.0135
4043	0.0135
4044	0.0135
4045	0.0135
4046	0.0135
4047	0.0135
4048	0.0135
4049	0.0135
405	0.0
4050	0.0135
4051	0.0135
4052	0.0135
4053	0.0135
4054	0.0135
4055	0.0135
4056	0.0135
4057	0.0135
4058	0.0135
4059	0.0135
406	0.0
4060	0.0135
4061	0.0135
4062	0.0135
4063	0.0135
4064	0.0135
4065	0.0135
4066	0.0135
4067	0.0135
4068	0.0135
4069	0.0136
407	0.0
4070	0.014
4071	0.0154
4072	0.0207
4073	0.0435
4074	0.1262
4075	0.3744
4076	0.0079
4077	0.2321
4078	0.1152
4079	0.0482
408	0.0
4080	0.0234
4081	0.0161
4082	0.014
4083	0.0134
4084	0.0132
4085	0.0131
4086	0.0131
4087	0.0131
4088	0.0131
4089	0.0131
409	8.0E-4
4090	0.0131
4091	0.0131
4092	0.0131
4093	0.0131
4094	0.0131
4095	0.0132
4096	0.0133
4097	0.014
4098	0.0165
4099	0.0274
41	0.1464
410	8.0E-4
4100	0.0655
4101	0.1777
4102	0.0076
4103	0.1395
4104	0.0733
4105	0.0338
4106	0.0189
4107	0.0145
4108	0.0132
4109	0.0128
411	8.0E-4
4110	0.0127
4111	0.0127
4112	0.0128
4113	0.0131
4114	0.0147
4115	0.0213
4116	0.0435
4117	0.1072
4118	0.0073
4119	0.0
412	8.0E-4
4120	0.0
4121	0.0
4122	0.0
4123	0.0
4124	0.0
4125	0.0
4126	0.0
4127	0.0
4128	0.0
4129	0.0
413	8.0E-4
4130	0.0
4131	0.0
4132	0.0
4133	0.0
4134	0.0
4135	0.0
4136	0.0
4137	0.0
4138	0.0
4139	0.1535
414	8.0E-4
4140	0.0801
4141	0.0372
4142	0.0212
4143	0.0165
4144	0.0152
4145	0.0148
4146	0.0147
4147	0.0147
4148	0.0148
4149	0.0152
415	6.0E-4
4150	0.0169
4151	0.024
4152	0.0483
4153	0.1187
4154	0.0
4155	0.0
4156	0.0
4157	0.0
4158	0.0
4159	0.0
416	0.0038
4160	0.0
4161	0.0
4162	0.0
4163	0.0
4164	0.0
4165	0.0
4166	0.0
4167	0.0
4168	0.0
4169	0.0
417	0.0
4170	0.0
4171	0.0
4172	0.0
4173	0.0
4174	0.0
4175	0.0
4176	0.0
4177	0.0
4178	0.0
4179	0.0
418	0.0
4180	0.0
4181	0.0
4182	0.0
4183	0.0
4184	0.0
4185	0.0
4186	0.0
4187	0.0
4188	0.0
4189	0.0
419	0.0
4190	0.0
4191	0.0
4192	0.0
4193	0.0
4194	0.0
4195	0.0
4196	0.0
4197	0.0
4198	0.0
4199	0.0
42	0.1887
420	0.0
4200	0.0
4201	0.0
4202	0.0
4203	0.0
4204	0.0
4205	0.0
4206	0.0
4207	0.0
4208	0.0
4209	0.0
421	0.0
4210	0.0
4211	0.0
4212	0.0
4213	0.0
4214	0.0
4215	0.0
4216	0.0
4217	0.0
4218	0.0
4219	0.0
422	0.0
4220	0.0
4221	0.0
4222	0.0
4223	0.0
4224	0.0
4225	0.0
4226	0.0
4227	0.0
4228	0.0
4229	0.0
423	0.0
4230	0.0
4231	0.0
4232	0.0
4233	0.0
4234	0.0
4235	0.0
4236	0.0
4237	0.0
4238	0.0
4239	0.0
424	0.0
4240	0.0
4241	0.0
4242	0.0
4243	0.0
4244	0.0
4245	0.0
4246	0.0
4247	0.0
4248	0.0
4249	0.0
425	0.2718
4250	0.0
4251	0.0
4252	0.0
4253	0.0
4254	0.0
4255	0.0
4256	0.0
4257	0.0
4258	0.0
4259	0.0
426	0.0094
4260	0.0
4261	0.0
4262	0.0
4263	0.0
4264	0.0
4265	0.0
4266	0.0
4267	0.0
4268	0.0
4269	0.0
427	0.005
4270	0.0
4271	0.0
4272	0.0
4273	0.0
4274	0.0
4275	0.0
4276	0.0
4277	0.0
4278	0.0
4279	0.0
428	0.0014
4280	0.0
4281	0.0
4282	0.0
4283	0.0
4284	0.0
4285	0.0
4286	0.0
4287	0.0
4288	0.0
4289	0.0
429	0.0115
4290	0.0
4291	0.0
4292	0.0
4293	0.0
4294	0.0
4295	0.0
4296	0.0
4297	0.0
4298	0.0
4299	0.0
43	0.4747
430	0.0227
4300	0.0
4301	0.0
4302	0.0
4303	0.0
4304	0.0
4305	0.0
4306	0.0
4307	0.0
4308	0.0
4309	0.0
431	6.0E-4
4310	0.0
4311	0.0
4312	0.0
4313	0.0
4314	0.0
4315	0.0
4316	0.0
4317	0.0
4318	0.0
4319	0.0
432	0.0
4320	0.0
4321	0.0
4322	0.0
4323	0.0
4324	0.0
4325	0.0
4326	0.0
4327	0.0
4328	0.0
4329	0.0
433	5.0E-4
4330	0.0
4331	0.0
4332	0.0
4333	0.0
4334	0.0
4335	0.0
4336	0.0
4337	0.0
4338	0.0
4339	0.0
434	5.0E-4
4340	0.0
4341	0.0
4342	0.0
4343	0.0
4344	0.0
4345	0.0
4346	0.0
4347	0.0
4348	0.0
4349	0.0
435	5.0E-4
4350	0.0
4351	0.0
4352	0.0
4353	0.0
4354	0.0
4355	0.0
4356	0.0
4357	0.0
4358	0.0
4359	0.0
436	5.0E-4
4360	0.0
4361	0.0
4362	0.0
4363	0.0
4364	0.0
4365	0.0
4366	0.0
4367	0.0
4368	0.0
4369	0.0
437	5.0E-4
4370	0.0
4371	0.0
4372	0.0
4373	0.0
4374	0.0
4375	0.0
4376	0.0
4377	0.0
4378	0.0
4379	0.0
438	5.0E-4
4380	0.0
4381	0.0
4382	0.0
4383	0.0
4384	0.0
4385	0.0
4386	0.0
4387	0.0
4388	0.0
4389	0.0
439	5.0E-4
4390	0.0
4391	0.0
4392	0.0
4393	0.0
4394	0.0
4395	0.0
4396	0.0
4397	0.0
4398	0.0
4399	0.0
44	0.1231
440	5.0E-4
4400	0.0
4401	0.0
4402	0.0
4403	0.0
4404	0.0
4405	0.0
4406	0.0
4407	0.0
4408	0.0
4409	0.0
441	1.0E-4
4410	0.0
4411	0.0
4412	0.0
4413	0.0
4414	0.0
4415	0.0
4416	0.0
4417	0.0
4418	0.0
4419	0.0
442	1.0E-4
4420	0.0
4421	0.0
4422	0.0
4423	0.0
4424	0.0
4425	0.0
4426	0.0
4427	0.0
4428	0.0
4429	0.0
443	1.0E-4
4430	0.0
4431	0.0
4432	0.0
4433	0.0
4434	0.0
4435	0.0
4436	0.0
4437	0.0
4438	0.0
4439	0.0
444	1.0E-4
4440	0.0
4441	0.0
4442	0.0
4443	0.0
4444	0.0
4445	0.0
4446	0.0
4447	0.0
4448	0.0
4449	0.0
445	8.0E-4
4450	0.0
4451	0.0
4452	0.0
4453	0.0
4454	0.0
4455	0.0
4456	0.0
4457	0.0
4458	0.128
4459	0.0
446	8.0E-4
4460	0.0
4461	0.0
4462	0.0
4463	0.0
4464	0.0
4465	0.0
4466	0.0
4467	0.0
4468	0.0
4469	0.0
447	8.0E-4
4470	0.0
4471	0.0
4472	0.0
4473	0.0
4474	0.0
4475	0.0
4476	0.0
4477	0.0
4478	0.0
4479	0.0
448	0.0013
4480	0.0
4481	0.0
4482	0.0
4483	0.0
4484	0.0034
4485	0.0357
4486	0.0
4487	0.0
4488	0.0
4489	0.0
449	7.0E-4
4490	0.0
4491	0.0
4492	0.0
4493	0.0
4494	0.0
4495	0.0
4496	0.0
4497	0.0
4498	0.0
4499	0.0
45	0.0606
450	5.0E-4
4500	0.0
4501	0.0
4502	0.0
4503	0.0
4504	0.0
4505	0.0
4506	0.0
4507	0.0
4508	0.0
4509	0.0
451	5.0E-4
4510	0.0
4511	0.0
4512	0.0
4513	0.0
4514	0.0
4515	0.0
4516	0.0
4517	0.0
4518	0.0
4519	0.0
452	4.0E-4
4520	0.0
4521	0.0
4522	0.0
4523	0.0
4524	0.0
4525	0.0
4526	0.0
4527	0.0
4528	0.0
4529	0.0
453	4.0E-4
4530	0.0
4531	0.0
4532	0.0
4533	0.0
4534	0.0
4535	0.0
4536	0.0
4537	0.0
4538	0.0
4539	0.0
454	4.0E-4
4540	0.0
4541	0.0
4542	0.0
4543	0.0
4544	0.0
4545	0.0
4546	0.0
4547	0.0
4548	0.0
4549	0.0
455	4.0E-4
4550	0.0
4551	0.0
4552	0.0
4553	0.0
4554	0.0
4555	0.0
4556	0.0
4557	0.0
4558	0.0
4559	0.0
456	4.0E-4
4560	0.0
4561	0.0
4562	0.0
4563	0.0
4564	0.0
4565	0.0
4566	0.0
4567	0.0
4568	0.0
4569	0.0
457	0.0029
4570	0.0
4571	0.0
4572	0.0
4573	0.0
4574	0.0
4575	0.0
4576	0.0
4577	0.0
4578	0.0
4579	0.0
458	0.0029
4580	0.0
4581	0.0
4582	0.0
4583	0.0
4584	0.0
4585	0.0
4586	0.0
4587	0.0
4588	0.0
4589	0.0
459	0.0029
4590	0.0
4591	0.0
4592	0.0
4593	0.0
4594	0.0
4595	0.0
4596	0.0
4597	0.0
4598	0.0
4599	0.0
46	0.1299
460	0.0026
4600	0.0
4601	0.0
4602	0.0
4603	0.0
4604	0.0
4605	0.0
4606	0.0
4607	0.0
4608	0.0
4609	0.0
461	0.0029
4610	0.0
4611	0.0
4612	0.0
4613	0.0
4614	0.0
4615	0.0
4616	0.0
4617	0.0
4618	0.0
4619	0.0
462	0.0029
4620	0.0
4621	0.0
4622	0.0
4623	0.0
4624	0.0
4625	0.0
4626	0.0
4627	0.0
4628	0.0
4629	0.0
463	0.0029
4630	0.0
4631	0.0
4632	0.0
4633	0.0
4634	0.0
4635	0.0
4636	0.0
4637	0.0
4638	0.0
4639	0.0
464	0.0029
4640	0.0
4641	0.0
4642	0.0
4643	0.0
4644	0.0
4645	0.0
4646	0.0
4647	0.0
4648	0.0
4649	0.0
465	0.0029
4650	0.0
4651	0.0
4652	0.0
4653	0.0
4654	0.0
4655	0.0
4656	0.0
4657	0.0
4658	0.0
4659	0.0
466	0.0029
4660	0.0
4661	0.0
4662	0.0
4663	0.0
4664	0.0
4665	0.0
4666	0.0
4667	0.0
4668	0.0
4669	0.0
467	0.0032
4670	0.0
4671	0.0
4672	0.0
4673	0.0
4674	0.0
4675	0.0
4676	0.0
4677	0.0
4678	0.0
4679	0.0
468	0.0032
4680	0.0
4681	0.0
4682	0.0
4683	0.0
4684	0.0
4685	0.0
4686	0.0
4687	0.0
4688	0.0
4689	0.0
469	0.0011
4690	0.0
4691	0.0
4692	0.0
4693	0.0
4694	0.0
4695	0.0
4696	0.0
4697	0.0
4698	0.0
4699	0.0
47	0.0344
470	0.001
4700	0.0
4701	0.0
4702	0.0
4703	0.0
4704	0.0
4705	0.0
4706	0.0
4707	0.0
4708	0.0
4709	0.0
471	0.001
4710	0.0
4711	0.0
4712	0.0
4713	0.0
4714	0.0
4715	0.0
4716	0.0
4717	0.0
4718	0.0
4719	0.0
472	0.001
4720	0.0
4721	0.0
4722	0.0
4723	0.0
4724	0.0
4725	0.0
4726	0.0
4727	0.0
4728	0.0
4729	0.0
473	9.0E-4
4730	0.0
4731	0.0
4732	0.0
4733	0.0
4734	0.0
4735	0.0
4736	0.0
4737	0.0
4738	0.0
4739	0.0
474	7.0E-4
4740	0.0
4741	0.0
4742	0.0
4743	0.0
4744	0.0
4745	0.0
4746	0.0
4747	0.0
4748	0.0
4749	0.0
475	1.0E-4
4750	0.0
4751	0.0
4752	0.0
4753	0.0
4754	0.0
4755	0.0
4756	0.0
4757	0.0
4758	0.0
4759	0.0
476	1.0E-4
4760	0.0
4761	0.0
4762	0.0
4763	0.0
4764	0.0
4765	0.0
4766	0.0
4767	0.0
4768	0.0
4769	0.0
477	1.0E-4
4770	0.0
4771	0.0
4772	0.0
4773	0.0
4774	0.0052
4775	0.0047
4776	0.0188
4777	0.0188
4778	0.0033
4779	0.0033
478	1.0E-4
4780	0.0033
4781	0.0028
4782	0.0028
4783	0.0028
4784	0.003
4785	0.0035
4786	0.0035
4787	0.0036
4788	0.0036
4789	0.0028
479	0.004
4790	0.003
4791	0.0028
4792	0.003
4793	1.0E-4
4794	1.0E-4
4795	1.0E-4
4796	1.0E-4
4797	1.0E-4
4798	1.0E-4
4799	5.0E-4
48	0.0784
480	0.0057
4800	1.0E-4
4801	1.0E-4
4802	2.0E-4
4803	2.0E-4
4804	2.0E-4
4805	0.0019
4806	0.0414
4807	0.001
4808	0.001
4809	0.0019
481	0.0039
4810	0.0913
4811	0.0013
4812	0.0055
4813	2.0E-4
4814	2.0E-4
4815	0.0091
4816	5.0E-4
4817	5.0E-4
4818	5.0E-4
4819	0.0427
482	5.0E-4
4820	5.0E-4
4821	1.0E-4
4822	1.0E-4
4823	1.0E-4
4824	1.0E-4
4825	1.0E-4
4826	1.0E-4
4827	1.0E-4
4828	7.0E-4
4829	7.0E-4
483	5.0E-4
4830	3.0E-4
4831	2.0E-4
4832	2.0E-4
4833	8.0E-4
4834	8.0E-4
4835	8.0E-4
4836	8.0E-4
4837	8.0E-4
4838	0.001
4839	2.0E-4
484	5.0E-4
4840	6.0E-4
4841	6.0E-4
4842	6.0E-4
4843	2.0E-4
4844	5.0E-4
4845	1.0E-4
4846	1.0E-4
4847	1.0E-4
4848	0.0125
4849	0.0125
485	4.0E-4
4850	0.0125
4851	0.0094
4852	0.0094
4853	0.0094
4854	2.0E-4
4855	2.0E-4
4856	2.0E-4
4857	0.0019
4858	0.0019
4859	0.0019
486	4.0E-4
4860	0.0059
4861	0.0059
4862	0.0034
4863	0.0
4864	0.0
4865	1.0E-4
4866	0.0
4867	1.0E-4
4868	1.0E-4
4869	1.0E-4
487	4.0E-4
4870	1.0E-4
4871	0.0
4872	0.0
4873	0.0
4874	0.0
4875	0.0
4876	0.0
4877	0.0
4878	0.0
4879	0.0
488	4.0E-4
4880	0.0
4881	0.0
4882	0.0
4883	0.0
4884	0.0
4885	0.0
4886	0.0
4887	0.0
4888	0.0
4889	0.0
489	4.0E-4
4890	0.0
4891	0.0
4892	0.0
4893	0.0
4894	0.0
4895	0.0
4896	0.0
4897	0.0
4898	0.0
4899	0.0
49	0.0344
490	4.0E-4
4900	0.0
4901	0.0
4902	0.0
4903	0.0
4904	0.0
4905	0.0
4906	0.0
4907	0.0
4908	0.0
4909	0.0
491	4.0E-4
4910	0.0
4911	0.0
4912	0.0
4913	0.0
4914	0.0
4915	0.0
4916	0.0
4917	0.0
4918	0.0
4919	0.0
492	6.0E-4
4920	0.0
4921	0.0
4922	0.0
4923	0.0
4924	0.0
4925	0.0
4926	0.0
4927	0.0
4928	0.0
4929	0.0
493	4.0E-4
4930	0.006
4931	0.006
4932	0.006
4933	0.006
4934	0.006
4935	0.006
4936	0.006
4937	4.0E-4
4938	4.0E-4
4939	4.0E-4
494	0.0
4940	4.0E-4
4941	4.0E-4
4942	4.0E-4
4943	4.0E-4
4944	4.0E-4
4945	4.0E-4
4946	4.0E-4
4947	4.0E-4
4948	4.0E-4
4949	4.0E-4
495	0.0
4950	4.0E-4
4951	4.0E-4
4952	4.0E-4
4953	4.0E-4
4954	4.0E-4
4955	4.0E-4
4956	4.0E-4
4957	4.0E-4
4958	4.0E-4
4959	4.0E-4
496	0.0
4960	4.0E-4
4961	4.0E-4
4962	4.0E-4
4963	5.0E-4
4964	4.0E-4
4965	4.0E-4
4966	4.0E-4
4967	4.0E-4
4968	4.0E-4
4969	4.0E-4
497	0.0
4970	4.0E-4
4971	4.0E-4
4972	0.0
4973	0.0
4974	0.0
4975	0.0
4976	0.0
4977	0.0
4978	0.0
4979	0.0
498	1.0E-4
4980	0.0
4981	0.0
4982	0.0
4983	0.0
4984	0.0
4985	0.0
4986	0.0
4987	0.0
4988	0.0
4989	0.0
499	1.0E-4
4990	0.0
4991	0.0
4992	0.0
4993	0.0
4994	0.0
4995	0.0
4996	0.0
4997	0.0
4998	0.0
4999	0.0
5	2.0E-4
50	0.0344
500	0.0091
5000	0.0
5001	3.0E-4
5002	3.0E-4
5003	3.0E-4
5004	3.0E-4
5005	3.0E-4
5006	3.0E-4
5007	3.0E-4
5008	0.0118
5009	0.0118
501	0.0088
5010	0.0118
5011	0.0118
5012	0.0118
5013	1.0E-4
5014	1.0E-4
5015	1.0E-4
5016	1.0E-4
5017	1.0E-4
5018	1.0E-4
5019	1.0E-4
502	0.0087
5020	1.0E-4
5021	1.0E-4
5022	1.0E-4
5023	1.0E-4
5024	1.0E-4
5025	1.0E-4
5026	1.0E-4
5027	1.0E-4
5028	1.0E-4
5029	1.0E-4
503	0.0035
5030	1.0E-4
5031	1.0E-4
5032	1.0E-4
5033	0.0
5034	0.0
5035	0.0221
5036	0.0
5037	0.0
5038	0.0
5039	0.0
504	0.0035
5040	0.0
5041	0.0
5042	0.0
5043	0.0
5044	0.0
5045	0.0
5046	0.0
5047	0.0
5048	0.0
5049	0.0
505	0.01
5050	0.0
5051	0.1535
5052	0.0801
5053	0.0372
5054	0.0212
5055	0.0165
5056	0.0152
5057	0.0148
5058	0.0147
5059	0.0147
506	2.0E-4
5060	0.0148
5061	0.0152
5062	0.0169
5063	0.024
5064	0.0483
5065	0.1187
5066	0.0
5067	0.0
5068	0.0
5069	0.0
507	2.0E-4
5070	0.0
5071	0.0
5072	0.2754
5073	0.1946
5074	0.0842
5075	0.0289
5076	0.0121
5077	0.0068
5078	0.0052
5079	0.0047
508	2.0E-4
5080	0.0046
5081	0.0045
5082	0.0045
5083	0.0045
5084	0.0045
5085	0.0045
5086	0.0045
5087	0.0045
5088	0.0045
5089	0.0045
509	2.0E-4
5090	0.0045
5091	0.0045
5092	0.0045
5093	0.0045
5094	0.0045
5095	0.0045
5096	0.0045
5097	0.0045
5098	0.0045
5099	0.0045
510	2.0E-4
5100	0.0045
5101	0.0045
5102	0.0045
5103	0.0045
5104	0.0045
5105	0.0047
5106	0.005
5107	0.0063
5108	0.0102
5109	0.0219
511	2.0E-4
5110	0.0534
5111	0.0843
5112	0.2132
5113	0.1515
5114	0.0663
5115	0.0234
5116	0.0104
5117	0.0062
5118	0.005
5119	0.0046
512	2.0E-4
5120	0.0045
5121	0.0045
5122	0.0045
5123	0.0045
5124	0.0045
5125	0.0045
5126	0.0045
5127	0.0045
5128	0.0045
5129	0.0045
513	2.0E-4
5130	0.0045
5131	0.0045
5132	0.0045
5133	0.0045
5134	0.0045
5135	0.0045
5136	0.0046
5137	0.0049
5138	0.0058
5139	0.0089
514	2.0E-4
5140	0.018
5141	0.0423
5142	0.0657
5143	0.0673
5144	0.0506
5145	0.0241
5146	0.0104
5147	0.0062
5148	0.0051
5149	0.0057
515	2.0E-4
5150	0.0085
5151	0.0162
5152	0.0222
5153	0.1507
5154	0.1084
5155	0.0483
5156	0.0179
5157	0.0086
5158	0.0056
5159	0.0048
516	2.0E-4
5160	0.0045
5161	0.0044
5162	0.0044
5163	0.0044
5164	0.0044
5165	0.0044
5166	0.0044
5167	0.0044
5168	0.0045
5169	0.0047
517	2.0E-4
5170	0.0054
5171	0.0076
5172	0.014
5173	0.0312
5174	0.0471
5175	0.2339
5176	0.1659
5177	0.0723
5178	0.0253
5179	0.0109
518	2.0E-4
5180	0.0064
5181	0.0051
5182	0.0046
5183	0.0045
5184	0.0045
5185	0.0045
5186	0.0045
5187	0.0045
5188	0.0045
5189	0.0045
519	0.0041
5190	0.0045
5191	0.0045
5192	0.0045
5193	0.0045
5194	0.0045
5195	0.0045
5196	0.0045
5197	0.0045
5198	0.0045
5199	0.0045
52	0.5427
520	0.0041
5200	0.0045
5201	0.0045
5202	0.0046
5203	0.0049
5204	0.006
5205	0.0093
5206	0.0193
5207	0.046
5208	0.0719
5209	0.116
521	0.003
5210	0.0843
5211	0.0383
5212	0.0148
5213	0.0076
5214	0.0053
5215	0.0046
5216	0.0044
5217	0.0044
5218	0.0043
5219	0.0044
522	0.0031
5220	0.0046
5221	0.0051
5222	0.0068
5223	0.0117
5224	0.025
5225	0.0368
5226	0.1923
5227	0.1371
5228	0.0603
5229	0.0216
523	0.0096
5230	0.0098
5231	0.006
5232	0.0049
5233	0.0046
5234	0.0045
5235	0.0044
5236	0.0044
5237	0.0044
5238	0.0044
5239	0.0044
524	0.0031
5240	0.0044
5241	0.0044
5242	0.0044
5243	0.0044
5244	0.0044
5245	0.0044
5246	0.0045
5247	0.0045
5248	0.0048
5249	0.0057
525	0.0031
5250	0.0085
5251	0.0166
5252	0.0386
5253	0.0595
5254	0.366
5255	0.2569
5256	0.1101
5257	0.0369
5258	0.0146
5259	0.0075
526	0.0964
5260	0.0055
5261	0.0048
5262	0.0046
5263	0.0046
5264	0.0045
5265	0.0045
5266	0.0045
5267	0.0045
5268	0.0045
5269	0.0045
527	0.0025
5270	0.0045
5271	0.0045
5272	0.0045
5273	0.0045
5274	0.0045
5275	0.0045
5276	0.0045
5277	0.0045
5278	0.0045
5279	0.0045
528	0.0024
5280	0.0045
5281	0.0045
5282	0.0045
5283	0.0045
5284	0.0045
5285	0.0045
5286	0.0045
5287	0.0045
5288	0.0045
5289	0.0045
529	0.0022
5290	0.0045
5291	0.0045
5292	0.0045
5293	0.0045
5294	0.0045
5295	0.0045
5296	0.0045
5297	0.0045
5298	0.0046
5299	0.0046
53	0.0133
530	0.0022
5300	0.0047
5301	0.0052
5302	0.0069
5303	0.0121
5304	0.0276
5305	0.0694
5306	0.1111
5307	0.1716
5308	0.1227
5309	0.0543
531	0.0
5310	0.0198
5311	0.0092
5312	0.0058
5313	0.0049
5314	0.0046
5315	0.0045
5316	0.0044
5317	0.0044
5318	0.0044
5319	0.0044
532	1.0E-4
5320	0.0044
5321	0.0044
5322	0.0044
5323	0.0044
5324	0.0045
5325	0.0045
5326	0.0048
5327	0.0055
5328	0.008
5329	0.0153
533	0.0
5330	0.0349
5331	0.0533
5332	0.1021
5333	0.0747
5334	0.0343
5335	0.0136
5336	0.0072
5337	0.0052
5338	0.0045
5339	0.0044
534	0.0
5340	0.0044
5341	0.0045
5342	0.005
5343	0.0064
5344	0.0108
5345	0.0225
5346	0.0326
5347	0.1109
5348	0.0806
5349	0.0368
535	0.0
5350	0.0147
5351	0.0079
5352	0.0058
5353	0.0052
5354	0.005
5355	0.005
5356	0.0051
5357	0.0056
5358	0.0072
5359	0.0119
536	0.0496
5360	0.0246
5361	0.0358
5362	0.0
5363	0.0
5364	0.0
5365	0.0
5366	0.0
5367	0.0
5368	0.0
5369	0.0
537	0.0496
5370	0.0
5371	0.0
5372	0.0
5373	0.0
5374	0.0
5375	0.0
5376	0.0
5377	0.0
5378	0.0
5379	0.0
538	0.0496
5380	0.0
5381	0.0
5382	0.0
5383	0.0
5384	0.0
5385	0.0
5386	0.0
5387	0.0
5388	0.0
5389	0.0
539	0.0507
5390	0.0
5391	0.0
5392	0.0
5393	0.0
5394	0.0
5395	0.0
5396	0.0
5397	0.1535
5398	0.0801
5399	0.0372
54	0.0128
540	0.0496
5400	0.0212
5401	0.0165
5402	0.0152
5403	0.0148
5404	0.0147
5405	0.0147
5406	0.0148
5407	0.0152
5408	0.0169
5409	0.024
541	0.0507
5410	0.0483
5411	0.1187
5412	0.0
5413	0.0
5414	0.0
5415	0.0
5416	0.0
5417	0.0
5418	0.002
5419	0.002
542	0.0496
5420	0.002
5421	0.0
5422	0.0025
5423	0.0025
5424	0.0012
5425	0.0012
5426	3.0E-4
5427	3.0E-4
5428	3.0E-4
5429	0.0
543	0.0496
5430	0.0
5431	0.0
5432	0.0
5433	0.0
5434	0.0
5435	6.0E-4
5436	0.0
5437	0.0
5438	1.0E-4
5439	0.0
544	0.0496
5440	0.0
5441	0.0
5442	2.0E-4
5443	2.0E-4
5444	0.0
5445	0.0
5446	0.0
5447	0.001
5448	0.001
5449	0.0404
545	0.0512
5450	0.0404
5451	0.0404
5452	0.0404
5453	0.0474
5454	0.0425
5455	0.0373
5456	0.1655
5457	0.0251
5458	0.0251
5459	0.0014
546	0.0496
5460	5.0E-4
5461	5.0E-4
5462	5.0E-4
5463	5.0E-4
5464	1.0E-4
5465	1.0E-4
5466	1.0E-4
5467	1.0E-4
5468	0.052
5469	6.0E-4
547	0.0049
5470	0.0409
5471	6.0E-4
5472	0.0
5473	0.0
5474	0.0
5475	0.0
5476	0.0
5477	0.0
5478	0.0
5479	0.0
548	0.0029
5480	1.0E-4
5481	1.0E-4
5482	1.0E-4
5483	0.0022
5484	7.0E-4
5485	2.0E-4
5486	1.0E-4
5487	1.0E-4
5488	1.0E-4
5489	1.0E-4
549	6.0E-4
5490	1.0E-4
5491	1.0E-4
5492	1.0E-4
5493	1.0E-4
5494	1.0E-4
5495	1.0E-4
5496	1.0E-4
5497	3.0E-4
5498	2.0E-4
5499	2.0E-4
55	0.0127
550	0.0064
5500	2.0E-4
5501	2.0E-4
5502	2.0E-4
5503	5.0E-4
5504	5.0E-4
5505	5.0E-4
5506	0.002
5507	0.002
5508	0.002
5509	1.0E-4
551	0.0068
5510	0.0
5511	0.0
5512	0.0
5513	0.0
5514	0.0
5515	0.0
5516	0.0
5517	0.0
5518	0.0
5519	0.0
552	0.0064
5520	0.0
5521	0.0
5522	0.0
5523	0.1109
5524	0.0806
5525	0.0368
5526	0.0147
5527	0.0079
5528	0.0058
5529	0.0052
553	0.0068
5530	0.005
5531	0.005
5532	0.0051
5533	0.0056
5534	0.0072
5535	0.0119
5536	0.0246
5537	0.0358
5538	0.0
5539	0.0
554	0.0072
5540	0.0
5541	0.0
5542	0.0
5543	0.0
5544	0.0
5545	0.0
5546	0.0
5547	0.0
5548	0.0
5549	0.0
555	0.0072
5550	0.0
5551	0.0
5552	0.0
5553	0.0
5554	0.0
5555	0.0
5556	0.0
5557	0.0
5558	0.0
5559	0.0
556	0.0072
5560	0.0
5561	0.0
5562	0.0
5563	0.0
5564	0.0
5565	0.0
5566	0.0
5567	0.0
5568	0.0
5569	0.0
557	0.0147
5570	0.0
5571	0.0
5572	0.0
5573	0.0
5574	0.0
5575	0.0
5576	0.0
5577	0.0
5578	0.0
5579	0.0
558	0.0046
5580	0.0
5581	0.0
5582	0.0
5583	0.0
5584	0.0
5585	0.0
5586	0.0
5587	0.0
5588	0.0
5589	0.0
559	0.0046
5590	0.0
5591	0.0
5592	0.0
5593	0.0
5594	0.0
5595	0.0
5596	0.0
5597	0.0
5598	0.0
5599	0.0
56	0.0117
560	0.0046
5600	0.0
5601	0.0
5602	0.0
5603	0.0
5604	0.0
5605	0.0
5606	0.0
5607	0.0
5608	0.0
5609	0.0
561	0.0044
5610	0.0
5611	0.0
5612	0.0
5613	0.0
5614	0.0
5615	0.0
5616	0.0
5617	0.0
5618	0.0
5619	0.0
562	0.0044
5620	0.0
5621	0.0
5622	0.0
5623	0.0
5624	0.0
5625	0.0
5626	0.0
5627	0.0
5628	0.0
5629	0.0
563	0.0044
5630	0.0
5631	0.0
5632	0.0
5633	0.0
5634	0.0
5635	0.0
5636	0.0
5637	0.0
5638	0.0
5639	0.0
564	0.0044
5640	0.0
5641	0.0
5642	0.0
5643	0.0
5644	0.0
5645	0.0
5646	0.0
5647	0.0
5648	0.0
5649	0.0
565	0.0046
5650	0.0
5651	0.0
5652	0.0
5653	0.0
5654	0.0
5655	0.0
5656	0.0
5657	0.0
5658	0.0
5659	0.0
566	1.0E-4
5660	0.0
5661	0.0
5662	0.0
5663	0.0
5664	0.0
5665	0.0
5666	0.0
5667	0.0
5668	0.0
5669	0.0
567	1.0E-4
5670	0.0
5671	0.0
5672	0.0
5673	0.0
5674	0.0
5675	0.0
5676	0.0
5677	0.0
5678	0.0
5679	0.0
568	1.0E-4
5680	0.0
5681	0.0
5682	0.0
5683	0.0
5684	0.0
5685	0.0
5686	0.0
5687	0.0
5688	0.0
5689	0.0
569	2.0E-4
5690	0.0
5691	0.0
5692	0.0
5693	0.0
5694	0.0
5695	0.0
5696	0.0
5697	0.0
5698	0.0
5699	0.0
57	0.0114
570	1.0E-4
5700	0.0
5701	0.0
5702	0.0
5703	0.0
5704	0.0
5705	0.0
5706	0.0
5707	0.0
5708	0.0
5709	0.0
571	1.0E-4
5710	0.0
5711	0.0
5712	0.0
5713	0.0
5714	0.0
5715	0.0
5716	0.0
5717	0.0
5718	0.0
5719	0.0
572	1.0E-4
5720	0.0
5721	0.0
5722	0.0
5723	0.0
5724	0.0
5725	0.0
5726	0.0
5727	0.0
5728	0.0
5729	0.0
573	1.0E-4
5730	0.0
5731	0.0
5732	0.0
5733	0.0
5734	0.0
5735	0.0
5736	0.0
5737	0.0
5738	0.0
5739	0.0
574	1.0E-4
5740	0.0
5741	0.0
5742	0.0
5743	0.0
5744	0.0
5745	0.0
5746	0.0
5747	0.0
5748	0.0
5749	0.0
575	1.0E-4
5750	0.0
5751	0.0
5752	0.0
5753	0.0
5754	0.0
5755	0.0
5756	0.0
5757	0.0
5758	0.0
5759	0.0
576	1.0E-4
5760	0.0
5761	0.0
5762	0.0
5763	0.0
5764	0.0
5765	0.0
5766	0.0
5767	0.0
5768	0.0
5769	0.0
577	1.0E-4
5770	0.0
5771	0.0
5772	0.0
5773	0.0
5774	0.0
5775	0.0
5776	0.0
5777	0.0
5778	0.0
5779	0.0
578	0.0442
5780	0.0
5781	0.0
5782	0.0
5783	0.0
5784	0.0
5785	0.1109
5786	0.0806
5787	0.0368
5788	0.0147
5789	0.0079
579	0.0064
5790	0.0058
5791	0.0052
5792	0.005
5793	0.005
5794	0.0051
5795	0.0056
5796	0.0072
5797	0.0119
5798	0.0246
5799	0.0358
58	0.0127
580	0.0064
5800	0.0
5801	0.0
5802	0.0
5803	0.0
5804	0.0
5805	0.0
5806	0.0
5807	0.0
5808	0.0
5809	0.0
581	0.0067
5810	0.0
5811	0.0
5812	0.0
5813	0.0
5814	0.0
5815	4.0E-4
5816	4.0E-4
5817	0.0
5818	1.0E-4
5819	1.0E-4
582	1.0E-4
5820	0.0246
5821	0.0246
5822	0.0049
5823	0.052
5824	0.0051
5825	0.0247
5826	0.0213
5827	0.0213
5828	0.0331
5829	0.0213
583	1.0E-4
5830	0.0213
5831	0.0213
5832	0.025
5833	0.025
5834	0.0014
5835	0.0077
5836	0.0077
5837	0.0077
5838	0.0077
5839	0.0077
584	1.0E-4
5840	0.0077
5841	0.0077
5842	0.0013
5843	0.0013
5844	1.0E-4
5845	0.0
5846	0.0
5847	0.0
5848	0.0
5849	0.0
585	1.0E-4
5850	0.0
5851	0.0
5852	0.0
5853	0.0
5854	0.0
5855	0.0
5856	0.0
5857	0.0
5858	0.0
5859	0.0
586	1.0E-4
5860	0.0
5861	0.0
5862	0.0
5863	0.0
5864	0.0
5865	0.0
5866	0.0
5867	5.0E-4
5868	1.0E-4
5869	1.0E-4
587	1.0E-4
5870	1.0E-4
5871	1.0E-4
5872	1.0E-4
5873	1.0E-4
5874	1.0E-4
5875	2.0E-4
5876	1.0E-4
5877	0.0373
5878	1.0E-4
5879	1.0E-4
588	1.0E-4
5880	1.0E-4
5881	1.0E-4
5882	1.0E-4
5883	1.0E-4
5884	1.0E-4
5885	1.0E-4
5886	1.0E-4
5887	1.0E-4
5888	1.0E-4
5889	1.0E-4
589	1.0E-4
5890	1.0E-4
5891	1.0E-4
5892	0.0
5893	0.0
5894	0.0
5895	0.0
5896	0.0
5897	0.0
5898	0.0
5899	0.0
59	0.0126
590	1.0E-4
5900	0.0
5901	0.0
5902	0.0
5903	0.0
5904	0.0
5905	0.0
5906	0.0
5907	0.0
5908	0.0
5909	0.0
591	1.0E-4
5910	0.0
5911	0.0
5912	0.0
5913	0.0
5914	0.0
5915	0.0
5916	0.0
5917	0.0
5918	0.0
5919	0.0
592	1.0E-4
5920	1.0E-4
5921	1.0E-4
5922	0.0032
5923	0.0032
5924	0.0032
5925	0.0032
5926	0.0032
5927	0.0032
5928	0.0032
5929	0.0032
593	0.2154
5930	0.0479
5931	0.0479
5932	0.0479
5933	0.0479
5934	0.0479
5935	0.0479
5936	0.0028
5937	0.0026
5938	0.0121
5939	0.0015
594	1.0E-4
5940	0.0
5941	0.0
5942	0.0
5943	0.0
5944	0.0
5945	0.0
5946	0.0
5947	0.0
5948	0.0
5949	0.0
595	1.0E-4
5950	0.0
5951	5.0E-4
5952	0.0
5953	0.0
5954	0.0
5955	0.0127
5956	0.0367
5957	0.0
5958	0.0
5959	0.0
596	1.0E-4
5960	0.0
5961	0.0
5962	0.0
5963	0.0
5964	0.0
5965	0.0
5966	0.0
5967	0.0
5968	0.0
5969	0.0
597	1.0E-4
5970	0.0
5971	0.0
5972	0.0
5973	0.0
5974	2.0E-4
5975	4.0E-4
5976	0.0016
5977	0.0016
5978	2.0E-4
5979	2.0E-4
598	0.001
5980	2.0E-4
5981	2.0E-4
5982	2.0E-4
5983	2.0E-4
5984	2.0E-4
5985	2.0E-4
5986	2.0E-4
5987	2.0E-4
5988	2.0E-4
5989	2.0E-4
599	5.0E-4
5990	2.0E-4
5991	2.0E-4
5992	0.0017
5993	0.0
5994	0.0
5995	0.0
5996	0.0
5997	0.0
5998	0.0
5999	0.0
6	2.0E-4
60	0.0117
600	1.0E-4
6000	0.0
6001	0.0
6002	0.0
6003	0.0
6004	0.0127
6005	0.0144
6006	0.0
6007	0.0
6008	0.0
6009	0.0
601	1.0E-4
6010	0.0
6011	0.0
6012	0.0054
602	1.0E-4
603	1.0E-4
604	1.0E-4
605	1.0E-4
606	1.0E-4
607	1.0E-4
608	1.0E-4
609	1.0E-4
61	0.5697
610	1.0E-4
611	9.0E-4
612	0.0013
613	6.0E-4
614	0.0052
615	5.0E-4
616	5.0E-4
617	7.0E-4
618	7.0E-4
619	7.0E-4
62	0.0022
620	0.0012
621	0.0033
622	5.0E-4
623	4.0E-4
624	4.0E-4
625	0.0018
626	0.0018
627	7.0E-4
628	1.0E-4
629	1.0E-4
63	0.0109
630	0.0045
631	6.0E-4
632	0.0
633	0.0
634	0.0
635	0.0
636	0.0
637	0.0
638	0.0
639	0.0
64	0.0078
640	0.0
641	0.0
642	0.0
643	0.0
644	0.0
645	0.0
646	0.0
647	0.0
648	2.0E-4
649	2.0E-4
65	0.0088
650	2.0E-4
651	2.0E-4
652	2.0E-4
653	2.0E-4
654	2.0E-4
655	2.0E-4
656	2.0E-4
657	2.0E-4
658	0.0
659	0.0
66	0.0079
660	0.0
661	0.0
662	0.0
663	0.0
664	0.0
665	0.0
666	0.0
667	3.0E-4
668	2.0E-4
669	8.0E-4
67	0.0076
670	8.0E-4
671	7.0E-4
672	7.0E-4
673	7.0E-4
674	8.0E-4
675	7.0E-4
676	7.0E-4
677	7.0E-4
678	8.0E-4
679	0.0
68	0.0109
680	0.0
681	0.0
682	0.0
683	0.0
684	0.0
685	0.0
686	7.0E-4
687	8.0E-4
688	8.0E-4
689	8.0E-4
69	0.0114
690	0.0
691	0.0
692	0.0
693	0.0
694	0.0
695	0.0
696	0.0
697	0.0
698	0.0
699	0.0
7	0.0019
70	0.0083
700	0.0
701	0.0
702	0.0
703	0.0
704	0.0
705	0.0
706	0.0
707	0.0
708	0.0
709	6.0E-4
71	0.0123
710	0.0
711	0.0
712	0.0
713	0.0
714	0.0
715	0.0
716	0.0
717	0.0
718	0.0
719	0.0
72	0.0161
720	0.0
721	0.0
722	0.0
723	0.0
724	0.0
725	0.0
726	0.0
727	0.0
728	0.0
729	0.0
73	0.2224
730	0.0
731	0.0
732	0.0
733	0.0
734	0.0
735	0.0
736	0.0
737	0.0
738	0.0
739	0.0
74	0.0777
740	0.0
741	0.0
742	0.0
743	0.0
744	0.0
745	0.0
746	0.0
747	0.0
748	0.0
749	0.0
75	0.0414
750	0.0
751	0.001
752	0.0
753	0.0
754	0.0
755	5.0E-4
756	5.0E-4
757	5.0E-4
758	5.0E-4
759	5.0E-4
76	0.0476
760	5.0E-4
761	5.0E-4
762	5.0E-4
763	3.0E-4
764	3.0E-4
765	3.0E-4
766	3.0E-4
767	3.0E-4
768	2.0E-4
769	3.0E-4
77	0.0137
770	3.0E-4
771	0.0
772	3.0E-4
773	3.0E-4
774	2.0E-4
775	3.0E-4
776	3.0E-4
777	2.0E-4
778	2.0E-4
779	2.0E-4
78	0.048
780	3.0E-4
781	3.0E-4
782	0.0
783	2.0E-4
784	3.0E-4
785	3.0E-4
786	3.0E-4
787	3.0E-4
788	2.0E-4
789	2.0E-4
79	0.0322
790	2.0E-4
791	3.0E-4
792	3.0E-4
793	3.0E-4
794	3.0E-4
795	3.0E-4
796	2.0E-4
797	2.0E-4
798	2.0E-4
799	2.0E-4
8	3.0E-4
80	0.1907
800	2.0E-4
801	0.0013
802	0.002
803	0.0019
804	0.0018
805	0.0018
806	0.0018
807	0.0018
808	0.0021
809	0.0021
81	0.2736
810	0.0017
811	0.0017
812	0.0017
813	0.0017
814	0.0017
815	0.0017
816	0.0018
817	0.0017
818	0.0022
819	0.0022
82	0.1108
820	0.0022
821	0.0022
822	0.1664
823	0.0322
824	0.0036
825	0.0027
826	0.0073
827	0.0063
828	0.1685
829	0.0011
83	0.0809
830	0.0018
831	6.0E-4
832	6.0E-4
833	6.0E-4
834	6.0E-4
835	6.0E-4
836	1.0E-4
837	0.0027
838	0.0017
839	0.0022
84	0.1009
840	0.0028
841	0.0017
842	0.0022
843	0.0014
844	0.0014
845	0.0014
846	0.0014
847	0.0014
848	0.0014
849	0.0014
85	0.0013
850	0.0014
851	0.0014
852	0.0014
853	0.0014
854	0.0014
855	0.0014
856	0.0014
857	0.0014
858	0.0014
859	0.0014
86	0.001
860	0.0014
861	0.0014
862	0.0014
863	0.0014
864	0.0014
865	0.0014
866	0.0014
867	0.0014
868	0.0014
869	0.0018
87	0.0012
870	3.0E-4
871	3.0E-4
872	5.0E-4
873	8.0E-4
874	7.0E-4
875	2.0E-4
876	8.0E-4
877	8.0E-4
878	8.0E-4
879	7.0E-4
88	0.0013
880	0.0066
881	6.0E-4
882	6.0E-4
883	6.0E-4
884	6.0E-4
885	6.0E-4
886	6.0E-4
887	0.001
888	6.0E-4
889	0.0
89	0.001
890	0.0
891	0.0
892	0.0128
893	0.02
894	0.0128
895	0.0128
896	0.0
897	0.0
898	0.0
899	0.0
9	2.0E-4
90	0.0014
900	0.0
901	0.0
902	0.0
903	0.0
904	0.0
905	0.0
906	0.0
907	0.0
908	0.0
909	0.0
91	0.0014
910	0.0
911	0.0
912	0.0
913	0.0
914	0.0
915	0.0
916	0.0
917	0.0
918	2.0E-4
919	0.0
92	0.0018
920	2.0E-4
921	0.0
922	0.0
923	0.0
924	0.0
925	0.0
926	0.0
927	0.0
928	0.0
929	0.0
93	0.0011
930	0.0
931	0.0
932	0.0
933	0.0
934	0.0
935	0.0
936	0.0
937	0.0
938	0.0
939	0.0
94	0.0
940	0.0
941	0.0
942	0.0
943	0.0031
944	0.0031
945	8.0E-4
946	8.0E-4
947	3.0E-4
948	3.0E-4
949	3.0E-4
95	0.0
950	3.0E-4
951	3.0E-4
952	3.0E-4
953	3.0E-4
954	3.0E-4
955	3.0E-4
956	3.0E-4
957	5.0E-4
958	4.0E-4
959	4.0E-4
96	0.0
960	4.0E-4
961	4.0E-4
962	4.0E-4
963	4.0E-4
964	4.0E-4
965	4.0E-4
966	4.0E-4
967	4.0E-4
968	5.0E-4
969	5.0E-4
97	0.0
970	0.0064
971	4.0E-4
972	4.0E-4
973	4.0E-4
974	4.0E-4
975	4.0E-4
976	4.0E-4
977	4.0E-4
978	4.0E-4
979	7.0E-4
98	0.0
980	3.0E-4
981	0.0041
982	3.0E-4
983	3.0E-4
984	4.0E-4
985	4.0E-4
986	3.0E-4
987	3.0E-4
988	3.0E-4
989	3.0E-4
99	0.0
990	5.0E-4
991	0.0021
992	9.0E-4
993	0.0052
994	5.0E-4
995	0.0238
996	3.0E-4
997	3.0E-4
998	4.0E-4
999	4.0E-4
